Rk,School,G,W,L,W-L%,SRS,SOS, ,W,L, ,W,L, ,W,L, ,Tm.,Opp., ,MP,FG,FGA,FG%,3P,3PA,3P%,FT,FTA,FT%,ORB,TRB,AST,STL,BLK,TOV,PF
Abilene Christian,21,9,12,.429,-7.41,-0.58,,1,5,,6,4,,2,8,,1473,1486,,845,533,1200,.444,100,332,.301,307,441,.696,235,714,278,210,61,317,427
Air Force,21,3,18,.143,-6.69,1.45,,0,10,,2,9,,0,9,,1330,1501,,845,455,1043,.436,169,497,.340,251,400,.628,157,625,280,123,64,279,363
Akron,20,15,5,.750,3.76,-3.80,,8,0,,10,0,,4,3,,1680,1460,,805,606,1328,.456,230,636,.362,238,314,.758,259,823,367,158,74,253,367
Alabama,21,18,3,.857,25.00,13.52,,7,1,,9,1,,6,1,,1895,1654,,845,639,1348,.474,213,641,.332,404,574,.704,298,933,358,134,105,271,387
Alabama A&M,20,7,13,.350,-19.11,-7.52,,3,4,,7,6,,0,7,,1540,1614,,820,531,1298,.409,167,523,.319,311,467,.666,310,784,295,178,88,339,436
Alabama State,20,8,12,.400,-10.47,-5.26,,4,3,,5,1,,1,9,,1508,1556,,805,528,1284,.411,183,557,.329,269,398,.676,241,719,240,150,45,191,381
Albany (NY),22,11,11,.500,-9.69,-7.34,,3,4,,5,4,,4,6,,1661,1645,,890,607,1368,.444,150,479,.313,297,407,.730,254,736,267,184,37,239,410
Alcorn State,20,4,16,.200,-14.65,-0.12,,4,3,,3,2,,1,14,,1243,1525,,805,439,1153,.381,116,358,.324,249,346,.720,256,681,203,129,61,291,349
American,22,13,9,.591,-7.58,-4.93,,7,2,,7,1,,3,8,,1543,1534,,895,527,1191,.442,191,545,.350,298,388,.768,173,666,281,139,47,249,411
Appalachian State,21,12,9,.571,0.23,-1.56,,6,4,,7,3,,3,5,,1451,1321,,840,509,1137,.448,170,478,.356,263,400,.658,202,782,279,125,78,240,293
Arizona,20,14,6,.700,23.42,9.77,,8,1,,10,1,,3,2,,1657,1384,,810,590,1230,.480,141,433,.326,336,445,.755,249,797,341,172,82,230,325
Arizona State,20,12,8,.600,13.25,11.45,,3,6,,5,3,,2,4,,1467,1431,,804,501,1125,.445,172,479,.359,293,416,.704,190,722,264,110,103,276,333
Arkansas,20,12,8,.600,15.09,7.04,,1,6,,10,3,,1,3,,1523,1362,,800,555,1196,.464,145,446,.325,268,369,.726,198,718,291,152,115,230,319
Arkansas State,22,17,5,.773,6.14,-1.76,,8,2,,11,0,,5,3,,1729,1520,,890,590,1410,.418,202,636,.318,347,480,.723,288,900,293,165,100,231,410
Arkansas-Pine Bluff,20,3,17,.150,-25.62,-3.40,,0,7,,3,3,,0,14,,1489,1788,,800,555,1205,.461,156,477,.327,223,365,.611,199,680,285,137,41,309,400
Army,21,12,9,.571,-10.21,-6.89,,6,3,,9,3,,3,6,,1582,1553,,860,593,1308,.453,190,564,.337,206,313,.658,213,752,327,139,46,221,307
Auburn,20,19,1,.950,30.53,12.13,,7,0,,9,0,,4,1,,1683,1315,,800,607,1248,.486,189,511,.370,280,377,.743,246,774,340,150,140,187,358
Austin Peay,21,8,13,.381,-10.28,-0.70,,3,5,,4,3,,3,9,,1429,1544,,850,497,1250,.398,170,525,.324,265,375,.707,206,684,241,166,52,223,380
Ball State,20,9,11,.450,-8.76,-6.47,,3,5,,4,5,,3,5,,1509,1471,,800,500,1089,.459,148,427,.347,361,527,.685,187,716,268,103,43,242,332
Baylor,20,13,7,.650,19.67,10.56,,5,4,,9,1,,2,5,,1608,1381,,820,583,1261,.462,188,507,.371,254,353,.720,270,733,320,165,68,219,322


Bellarmine,21,3,18,.143,-17.52,-3.31,,0,8,,3,8,,0,10,,1478,1679,,840,526,1163,.452,192,538,.357,234,297,.788,148,631,303,121,35,267,335
Belmont,22,15,7,.682,2.26,0.30,,7,4,,8,3,,6,3,,1797,1733,,885,644,1376,.468,229,611,.375,280,379,.739,225,790,379,145,68,252,348
Bethune-Cookman,20,7,13,.350,-9.02,-2.77,,4,3,,3,0,,3,12,,1318,1443,,800,468,1145,.409,122,388,.314,260,370,.703,193,684,210,143,74,268,336
Binghamton,21,9,12,.429,-14.76,-7.65,,1,5,,5,2,,3,9,,1463,1518,,850,527,1126,.468,160,425,.376,247,357,.692,178,722,293,97,66,290,370
Boise State,21,14,7,.667,13.54,4.54,,6,4,,9,1,,2,4,,1620,1405,,845,557,1169,.476,148,460,.322,358,464,.772,218,764,314,111,55,236,334
Boston College,20,9,11,.450,-2.07,2.48,,1,8,,6,5,,0,5,,1415,1506,,810,506,1149,.440,129,360,.358,274,378,.725,214,686,229,97,76,240,370
Boston University,22,11,11,.500,-10.62,-7.29,,5,4,,8,3,,2,8,,1454,1486,,890,518,1187,.436,175,526,.333,243,383,.634,243,785,265,128,55,298,335
Bowling Green State,20,7,13,.350,-9.97,-4.69,,2,6,,5,5,,1,7,,1506,1512,,800,521,1184,.440,165,484,.341,299,396,.755,196,679,223,157,64,242,351
Bradley,22,18,4,.818,7.91,-0.90,,9,2,,10,2,,5,1,,1754,1503,,895,609,1251,.487,219,549,.399,317,403,.787,189,776,337,163,83,268,349
Brigham Young,20,14,6,.700,18.19,4.54,,5,4,,11,1,,1,4,,1620,1347,,815,581,1198,.485,210,566,.371,248,357,.695,238,771,339,151,67,238,313
Brown,17,9,8,.529,-5.96,-3.83,,1,3,,5,4,,4,4,,1244,1237,,695,456,1022,.446,155,438,.354,177,278,.637,200,616,257,104,87,205,265
Bryant,21,12,9,.571,-2.40,-5.09,,6,0,,6,2,,5,6,,1747,1595,,845,637,1383,.461,178,502,.355,295,411,.718,274,851,311,151,121,261,331
Bucknell,22,9,13,.409,-7.38,-3.70,,5,4,,7,3,,2,9,,1558,1639,,925,541,1244,.435,178,536,.332,298,453,.658,190,738,283,153,69,299,389
Buffalo,20,7,13,.350,-14.52,-1.96,,2,6,,5,4,,2,9,,1444,1626,,800,506,1185,.427,165,534,.309,267,394,.678,173,693,285,143,75,299,324
Butler,21,9,12,.429,10.48,9.53,,2,8,,7,6,,0,5,,1533,1513,,845,502,1120,.448,165,455,.363,364,487,.747,184,742,294,73,65,234,302
Cal Poly,21,7,14,.333,-5.42,1.69,,1,8,,5,4,,2,10,,1662,1771,,855,587,1303,.450,224,659,.340,264,352,.750,225,747,317,160,47,356,379
Cal State Bakersfield,21,10,11,.476,-4.69,-1.33,,4,5,,7,2,,2,8,,1570,1516,,845,546,1228,.445,144,360,.400,334,439,.761,269,754,207,141,57,266,444
Cal State Fullerton,22,6,16,.273,-10.57,1.13,,1,9,,4,7,,2,9,,1436,1631,,880,479,1151,.416,103,375,.275,375,492,.762,213,708,200,136,34,307,422
Cal State Northridge,20,13,7,.650,1.18,-4.27,,5,4,,5,2,,6,5,,1606,1425,,805,578,1237,.467,131,389,.337,319,454,.703,254,816,323,164,67,273,413
California,21,11,10,.524,5.52,5.38,,4,6,,9,3,,2,6,,1590,1587,,845,538,1247,.431,151,466,.324,363,485,.748,279,779,222,119,75,245,344


California Baptist,20,10,10,.500,-0.43,-0.93,,3,3,,6,4,,3,5,,1458,1448,,810,527,1222,.431,129,435,.297,275,367,.749,248,736,243,123,52,226,328
Campbell,21,10,11,.476,-5.74,-4.42,,5,3,,4,4,,6,7,,1475,1410,,845,512,1173,.436,156,488,.320,295,382,.772,164,659,278,153,59,223,337
Canisius,20,2,18,.100,-18.55,-3.55,,2,7,,1,8,,1,9,,1287,1587,,800,467,1099,.425,169,464,.364,184,237,.776,124,527,233,107,49,230,312
Central Arkansas,22,6,16,.273,-13.55,-3.80,,2,7,,6,4,,0,12,,1566,1684,,905,557,1399,.398,199,684,.291,253,359,.705,271,823,310,184,51,262,315
Central Connecticut State,20,14,6,.700,-4.80,-8.47,,5,2,,6,2,,8,3,,1443,1279,,800,547,1151,.475,144,422,.341,205,289,.709,179,711,296,147,82,218,231
Central Michigan,20,9,11,.450,-5.13,0.06,,3,5,,5,3,,4,7,,1467,1400,,800,535,1178,.454,133,427,.311,264,378,.698,217,745,272,157,61,262,329
Charleston Southern,23,7,16,.304,-9.90,-1.23,,3,5,,5,3,,2,11,,1682,1800,,935,559,1327,.421,164,549,.299,400,619,.646,279,886,271,111,66,306,408
Charlotte,21,8,13,.381,-4.82,-0.97,,1,7,,6,5,,1,7,,1495,1550,,860,483,1159,.417,138,462,.299,391,529,.739,189,686,261,109,47,205,363
Chattanooga,22,14,8,.636,-0.54,-3.39,,6,3,,8,3,,6,5,,1699,1575,,890,605,1282,.472,206,598,.344,283,371,.763,180,748,371,144,53,241,350
Chicago State,22,2,20,.091,-19.93,-1.25,,2,5,,1,4,,1,14,,1327,1738,,880,470,1271,.370,151,512,.295,236,351,.672,194,699,229,164,80,309,449
Cincinnati,20,12,8,.600,13.61,5.61,,2,7,,8,3,,3,5,,1420,1260,,800,539,1203,.448,149,470,.317,193,299,.645,233,717,283,149,97,196,277
Clemson,21,17,4,.810,16.66,5.80,,9,1,,11,1,,4,3,,1625,1397,,855,579,1238,.468,193,496,.389,274,354,.774,232,733,307,155,69,221,320
Cleveland State,22,16,6,.727,-1.44,-4.28,,10,1,,11,2,,5,4,,1639,1425,,880,601,1322,.455,143,429,.333,294,411,.715,279,763,313,208,105,255,388
Coastal Carolina,21,8,13,.381,-12.20,-6.57,,1,8,,5,4,,2,9,,1424,1484,,845,493,1138,.433,155,461,.336,283,402,.704,210,775,243,79,33,259,372
Colgate,22,9,13,.409,-5.97,-4.11,,6,3,,6,2,,3,9,,1560,1566,,880,579,1264,.458,195,557,.350,207,293,.706,177,719,311,137,53,250,328
College of Charleston,21,16,5,.762,1.87,-1.38,,6,2,,8,2,,5,2,,1649,1561,,850,572,1269,.451,174,499,.349,331,436,.759,196,768,336,142,41,249,337
Colorado,20,9,11,.450,8.42,8.22,,0,9,,8,5,,0,4,,1451,1447,,810,500,1094,.457,138,402,.343,313,412,.760,184,698,302,154,74,299,323
Colorado State,21,14,7,.667,9.58,3.24,,8,2,,9,2,,4,2,,1557,1424,,855,562,1198,.469,170,520,.327,261,333,.784,170,751,357,100,63,252,368
Columbia,17,11,6,.647,-4.27,-6.87,,0,4,,8,2,,3,4,,1380,1246,,680,496,1012,.490,162,431,.376,226,301,.751,167,604,310,140,38,195,257
Connecticut,21,15,6,.714,17.07,5.64,,7,3,,10,1,,4,2,,1680,1440,,855,600,1224,.490,192,532,.361,288,368,.783,217,723,401,117,142,211,400


Coppin State,20,3,17,.150,-21.50,-1.98,,1,4,,3,3,,0,14,,1210,1555,,800,421,1099,.383,96,345,.278,272,406,.670,200,608,212,164,26,295,356
Cornell,17,11,6,.647,0.68,-3.72,,3,1,,4,4,,7,2,,1470,1311,,680,530,1030,.515,184,491,.375,226,304,.743,153,592,335,113,60,215,276
Creighton,21,15,6,.714,16.94,9.61,,8,2,,11,1,,3,3,,1596,1442,,840,566,1182,.479,207,585,.354,257,340,.756,169,783,361,83,104,271,219
Dartmouth,17,8,9,.471,-9.22,-5.88,,2,2,,5,3,,3,6,,1340,1255,,685,456,1046,.436,180,494,.364,248,337,.736,160,627,269,100,40,192,268
Davidson,20,13,7,.650,2.93,0.09,,3,4,,10,1,,2,4,,1517,1422,,800,545,1156,.471,170,471,.361,257,357,.720,162,679,316,115,43,189,301
Dayton,21,14,7,.667,9.49,4.69,,4,4,,12,1,,1,3,,1575,1458,,845,548,1158,.473,167,459,.364,312,435,.717,192,708,340,141,71,213,313
Delaware,21,11,10,.524,-6.47,-4.89,,4,4,,7,2,,3,7,,1635,1621,,840,568,1219,.466,189,504,.375,310,396,.783,157,701,297,128,71,250,353
Delaware State,20,10,10,.500,-12.80,-5.55,,2,3,,6,1,,2,9,,1528,1430,,800,570,1255,.454,100,285,.351,288,394,.731,259,756,278,156,58,242,357
Denver,22,7,15,.318,-13.38,-3.06,,1,6,,5,4,,2,9,,1604,1753,,895,559,1272,.439,172,491,.350,314,427,.735,196,663,265,149,46,268,488
DePaul,22,10,12,.455,5.22,4.77,,1,10,,9,5,,1,7,,1643,1633,,900,574,1288,.446,217,605,.359,278,394,.706,220,788,356,126,74,278,366
Detroit Mercy,22,6,16,.273,-12.89,-1.75,,2,9,,4,4,,2,10,,1451,1646,,895,528,1317,.401,120,359,.334,275,378,.728,273,839,230,131,49,276,411
Drake,21,19,2,.905,8.99,-0.22,,9,2,,11,1,,5,1,,1494,1212,,850,517,1060,.488,146,400,.365,314,447,.702,220,654,286,194,54,247,325
Drexel,21,12,9,.571,-3.57,-5.37,,4,4,,4,5,,6,3,,1456,1368,,845,550,1210,.455,156,456,.342,200,290,.690,239,793,273,106,93,262,302
Duke,20,18,2,.900,28.83,8.38,,10,0,,12,0,,6,0,,1600,1191,,800,556,1172,.474,201,553,.363,287,375,.765,229,799,336,132,75,207,317
Duquesne,21,9,12,.429,1.42,1.27,,4,4,,6,5,,1,4,,1449,1398,,845,523,1215,.430,181,509,.356,222,346,.642,248,727,291,140,92,247,378
East Carolina,21,12,9,.571,0.99,-0.27,,4,4,,8,5,,2,3,,1583,1495,,855,557,1293,.431,137,452,.303,332,473,.702,294,818,264,164,93,239,333
East Tennessee State,22,12,10,.545,0.16,-4.74,,5,4,,9,3,,3,7,,1625,1478,,880,583,1339,.435,198,565,.350,261,405,.644,306,832,302,175,80,252,381
East Texas A&M,21,2,19,.095,-13.61,-0.61,,0,10,,2,6,,0,13,,1343,1616,,845,485,1167,.416,170,566,.300,203,331,.613,218,660,277,175,74,345,360
Eastern Illinois,21,6,15,.286,-14.22,-3.38,,2,8,,5,5,,0,10,,1429,1514,,850,523,1226,.427,113,354,.319,270,419,.644,237,733,245,182,62,269,397
Eastern Kentucky,21,10,11,.476,-5.81,-2.60,,4,4,,6,3,,3,6,,1619,1615,,855,571,1392,.410,189,586,.323,288,391,.737,312,809,264,193,79,223,357


Eastern Michigan,20,10,10,.500,-10.62,-4.67,,4,4,,5,3,,4,7,,1485,1573,,805,526,1137,.463,154,437,.352,279,392,.712,192,641,262,138,60,264,366
Eastern Washington,21,6,15,.286,-6.83,0.44,,2,6,,5,4,,1,10,,1525,1593,,840,554,1210,.458,146,450,.324,271,360,.753,195,667,303,171,58,270,380
Elon,21,14,7,.667,-0.43,-3.85,,5,3,,8,1,,5,5,,1585,1421,,840,538,1206,.446,160,511,.313,349,481,.726,287,879,267,110,84,254,264
Evansville,22,8,14,.364,-6.62,0.33,,5,6,,6,6,,2,8,,1444,1543,,880,525,1207,.435,158,519,.304,236,348,.678,158,709,287,142,93,265,368
Fairfield,20,8,12,.400,-14.69,-7.01,,4,5,,5,4,,2,7,,1374,1471,,805,497,1228,.405,146,465,.314,234,324,.722,261,686,262,129,51,211,318
FDU,21,8,13,.381,-12.32,-4.71,,4,2,,4,3,,4,10,,1589,1593,,851,558,1269,.440,180,523,.344,293,418,.701,215,717,291,137,64,241,346
Florida,20,18,2,.900,26.02,6.17,,5,2,,10,1,,3,1,,1705,1308,,800,613,1304,.470,186,542,.343,293,409,.716,305,885,310,167,99,220,328
Florida A&M,18,7,11,.389,-15.59,-0.72,,4,3,,5,1,,2,10,,1275,1399,,721,436,1025,.425,164,482,.340,239,343,.697,183,623,223,100,65,271,319
Florida Atlantic,21,11,10,.524,4.06,3.16,,4,4,,5,3,,3,5,,1691,1623,,855,606,1315,.461,186,535,.348,293,418,.701,240,780,349,153,76,247,365
Florida Gulf Coast,22,12,10,.545,-0.39,-2.29,,7,2,,7,3,,5,7,,1567,1510,,880,595,1265,.470,184,517,.356,193,284,.680,198,739,307,127,51,243,330
Florida International,20,7,13,.350,-5.60,-2.43,,1,6,,5,6,,1,6,,1441,1436,,805,524,1180,.444,104,351,.296,289,403,.717,233,714,265,180,98,282,349
Florida State,21,13,8,.619,10.40,4.31,,4,6,,8,3,,1,5,,1622,1494,,845,570,1237,.461,137,422,.325,345,481,.717,225,745,298,178,110,259,404
Fordham,21,10,11,.476,-3.51,-0.36,,2,6,,7,4,,2,5,,1591,1614,,855,546,1278,.427,177,528,.335,322,443,.727,245,777,301,163,73,290,382
Fresno State,21,5,16,.238,-5.75,3.54,,1,9,,4,5,,1,9,,1519,1714,,860,524,1292,.406,146,470,.311,325,475,.684,215,744,238,161,63,271,343
Furman,22,17,5,.773,-1.08,-2.71,,5,4,,9,2,,7,3,,1689,1499,,885,593,1296,.458,228,652,.350,275,411,.669,246,816,381,143,75,248,338
Gardner-Webb,21,9,12,.429,-5.91,-2.53,,4,4,,5,3,,2,9,,1552,1623,,840,556,1195,.465,141,411,.343,299,437,.684,239,777,244,110,79,319,387
George Mason,21,16,5,.762,8.82,-0.23,,7,1,,13,1,,3,4,,1532,1306,,865,521,1132,.460,137,419,.327,353,500,.706,231,822,274,147,67,280,337
George Washington,21,15,6,.714,2.38,-4.37,,4,4,,11,1,,2,4,,1601,1426,,855,542,1214,.446,163,518,.315,352,499,.705,237,769,305,200,68,257,324
Georgetown,21,13,8,.619,8.48,2.90,,4,6,,10,4,,3,4,,1484,1367,,840,559,1246,.449,138,436,.317,228,320,.713,250,776,304,170,91,278,321
Georgia,21,15,6,.714,16.83,6.87,,3,5,,12,1,,1,4,,1598,1389,,840,553,1176,.470,142,430,.330,350,486,.720,253,786,275,169,114,288,344


Georgia Southern,21,11,10,.524,-8.71,-4.81,,4,5,,7,2,,3,7,,1558,1626,,855,559,1319,.424,189,568,.333,251,381,.659,267,778,266,173,86,295,431
Georgia State,21,7,14,.333,-9.70,0.00,,3,6,,6,6,,0,7,,1530,1684,,845,550,1299,.423,146,458,.319,284,418,.679,275,812,260,111,54,262,336
Georgia Tech,21,9,12,.429,5.17,4.12,,3,7,,9,5,,0,6,,1562,1540,,840,561,1264,.444,158,465,.340,282,417,.676,217,772,324,132,80,253,357
Gonzaga,22,16,6,.727,23.85,5.85,,7,2,,10,1,,4,1,,1971,1575,,895,715,1424,.502,183,499,.367,358,446,.803,260,870,437,169,68,218,362
Grambling,20,6,14,.300,-13.22,-3.33,,3,4,,4,2,,2,10,,1372,1419,,805,493,1111,.444,134,378,.354,252,357,.706,169,679,240,126,72,271,332
Grand Canyon,20,15,5,.750,7.33,-2.14,,5,1,,11,1,,2,2,,1590,1362,,800,529,1188,.445,136,412,.330,396,536,.739,228,760,287,197,95,252,336
Green Bay,22,2,20,.091,-13.51,-1.37,,0,11,,1,9,,1,11,,1519,1776,,880,513,1155,.444,182,544,.335,311,391,.795,115,627,301,106,47,295,382
Hampton,21,10,11,.476,-7.23,-2.40,,3,6,,6,3,,3,6,,1542,1511,,840,542,1299,.417,158,489,.323,298,407,.732,287,777,268,159,72,233,395
Harvard,17,6,11,.353,-9.31,-3.56,,1,3,,3,4,,3,7,,1138,1224,,680,413,957,.432,127,403,.315,185,249,.743,155,558,224,121,52,214,248
Hawaii,20,12,8,.600,-0.24,-0.52,,4,5,,10,4,,2,4,,1447,1403,,810,492,1068,.461,132,403,.328,331,455,.727,208,721,246,74,52,262,353
High Point,23,18,5,.783,4.10,-5.52,,6,2,,12,1,,3,3,,1855,1554,,920,630,1303,.483,198,542,.365,397,517,.768,256,831,301,139,70,241,414
Hofstra,21,11,10,.524,-1.71,-0.08,,3,5,,5,4,,3,5,,1421,1357,,860,507,1173,.432,176,514,.342,231,312,.740,165,754,290,123,87,254,370
Holy Cross,22,11,11,.500,-12.00,-6.35,,3,6,,5,3,,4,8,,1525,1563,,880,565,1234,.458,201,517,.389,194,262,.740,157,703,276,112,55,253,294
Houston,20,17,3,.850,30.06,9.36,,9,0,,11,0,,5,0,,1520,1106,,820,560,1217,.460,168,426,.394,232,319,.727,264,760,263,166,107,180,331
Houston Christian,21,10,11,.476,-6.25,-1.14,,7,3,,6,5,,4,6,,1432,1482,,840,491,1158,.424,160,500,.320,290,401,.723,205,674,225,171,66,257,296
Howard,20,8,12,.400,-9.78,-2.59,,3,1,,6,4,,1,7,,1577,1606,,805,551,1155,.477,177,444,.399,298,399,.747,188,670,346,108,48,290,365
Idaho,21,9,12,.429,-5.90,-1.58,,4,4,,6,4,,3,7,,1559,1564,,840,545,1207,.452,194,551,.352,275,388,.709,220,705,277,134,56,249,386
Idaho State,18,8,10,.444,-3.66,-1.99,,3,4,,6,2,,2,8,,1333,1229,,725,466,1083,.430,132,416,.317,269,370,.727,273,720,254,111,91,214,307
Illinois,20,14,6,.700,24.94,8.64,,6,4,,9,3,,3,2,,1715,1389,,806,580,1302,.445,198,620,.319,357,472,.756,270,900,306,97,86,237,325
Illinois State,22,13,9,.591,2.57,-0.10,,5,6,,9,3,,3,4,,1681,1570,,885,586,1217,.482,227,583,.389,282,375,.752,175,733,313,119,30,230,356


Illinois-Chicago,21,14,7,.667,3.15,1.26,,7,4,,6,3,,7,2,,1694,1552,,860,603,1261,.478,186,504,.369,302,426,.709,235,798,345,140,57,265,384
Incarnate Word,21,10,11,.476,-8.02,-5.67,,3,7,,7,4,,2,7,,1597,1474,,840,601,1241,.484,174,454,.383,221,322,.686,237,732,274,149,82,248,352
Indiana,21,14,7,.667,12.77,8.77,,5,5,,11,2,,2,3,,1620,1536,,845,587,1266,.464,132,407,.324,314,434,.724,240,799,344,123,78,256,354
Indiana State,22,10,12,.455,-5.56,-1.16,,4,7,,5,5,,3,5,,1752,1747,,890,602,1294,.465,219,652,.336,329,445,.739,213,798,336,167,47,336,398
Iona,20,8,12,.400,-9.61,-6.31,,5,4,,4,5,,3,5,,1358,1424,,800,490,1216,.403,126,411,.307,252,374,.674,310,741,263,206,54,313,366
Iowa,21,13,8,.619,13.18,5.99,,4,6,,11,2,,0,5,,1800,1649,,845,664,1328,.500,214,555,.386,258,378,.683,180,678,402,162,100,215,308
Iowa State,20,17,3,.850,24.88,7.68,,7,2,,11,0,,4,2,,1683,1339,,810,592,1204,.492,144,415,.347,355,473,.751,222,749,312,197,71,216,308
IU Indy,22,7,15,.318,-10.18,-4.34,,3,8,,5,5,,2,8,,1654,1610,,880,544,1271,.428,231,623,.371,335,443,.756,255,775,305,136,48,254,398
Jackson State,20,5,15,.250,-11.69,1.91,,5,2,,3,1,,2,13,,1347,1619,,815,449,1185,.379,135,423,.319,314,433,.725,226,702,199,155,62,308,357
Jacksonville,21,13,8,.619,-1.17,-1.01,,7,2,,7,2,,5,5,,1519,1488,,845,551,1252,.440,162,444,.365,255,370,.689,266,767,294,171,102,300,361
Jacksonville State,20,13,7,.650,0.54,-0.58,,5,2,,7,0,,5,5,,1539,1385,,800,548,1187,.462,157,431,.364,286,370,.773,229,810,253,81,63,198,250
James Madison,21,12,9,.571,0.18,0.34,,5,4,,8,2,,2,6,,1541,1464,,840,547,1226,.446,185,529,.350,262,355,.738,232,777,259,129,67,252,331
Kansas,20,15,5,.750,23.34,11.74,,6,3,,10,2,,3,3,,1551,1319,,810,599,1252,.478,140,409,.342,213,291,.732,219,793,361,130,98,220,284
Kansas City,22,10,12,.455,-4.91,-1.58,,2,5,,7,3,,2,7,,1639,1455,,880,551,1273,.433,209,596,.351,328,423,.775,261,786,281,180,60,264,367
Kansas State,20,9,11,.450,8.91,6.11,,3,6,,7,4,,0,6,,1465,1409,,805,531,1168,.455,170,492,.346,233,342,.681,209,670,327,151,73,243,307
Kennesaw State,20,12,8,.600,-0.90,0.74,,4,3,,9,0,,2,6,,1578,1487,,810,541,1269,.426,174,583,.298,322,457,.705,285,860,270,133,89,281,372
Kent State,20,13,7,.650,0.52,-3.20,,4,4,,6,3,,5,3,,1399,1283,,800,508,1217,.417,142,492,.289,241,330,.730,263,726,254,155,67,228,372
Kentucky,20,15,5,.750,22.83,11.08,,4,3,,11,1,,2,3,,1752,1517,,805,614,1267,.485,204,545,.374,320,436,.734,224,814,361,135,94,210,347
La Salle,21,11,10,.524,-2.30,0.51,,3,5,,8,2,,2,5,,1577,1573,,845,569,1348,.422,149,454,.328,290,409,.709,261,807,259,160,74,230,336
Lafayette,22,8,14,.364,-11.19,-7.43,,3,6,,6,4,,2,10,,1509,1542,,892,541,1262,.429,173,504,.343,254,377,.674,208,738,323,137,82,239,358


Lamar,21,12,9,.571,-3.64,-2.41,,7,3,,7,3,,5,4,,1513,1413,,845,559,1287,.434,147,416,.353,248,365,.679,280,812,337,158,108,264,330
Le Moyne,21,7,14,.333,-16.90,-5.80,,2,4,,4,5,,2,9,,1570,1692,,865,545,1219,.447,167,508,.329,313,445,.703,198,726,312,144,53,293,419
Lehigh,20,7,13,.350,-11.06,-4.61,,2,7,,6,3,,1,10,,1390,1439,,805,500,1126,.444,161,435,.370,229,335,.684,139,618,272,120,40,221,321
Liberty,20,16,4,.800,8.04,-2.31,,4,3,,8,2,,4,1,,1571,1228,,805,574,1155,.497,207,545,.380,216,331,.653,149,690,341,148,56,207,255
Lindenwood,21,9,12,.429,-13.98,-5.20,,4,6,,8,2,,0,9,,1495,1482,,845,543,1249,.435,123,424,.290,286,428,.668,233,749,254,187,79,270,328
Lipscomb,21,14,7,.667,6.15,-3.22,,6,2,,7,2,,7,5,,1648,1380,,840,595,1263,.471,187,565,.331,271,358,.757,198,779,339,165,69,220,271
Little Rock,21,13,8,.619,-5.52,-5.78,,7,3,,6,2,,7,5,,1435,1387,,845,526,1201,.438,137,384,.357,246,352,.699,216,742,296,177,117,302,367
Long Beach State,21,7,14,.333,-10.42,-0.36,,3,6,,3,5,,4,6,,1417,1537,,840,489,1094,.447,142,397,.358,297,397,.748,197,670,242,130,65,311,379
Long Island University,23,10,13,.435,-11.79,-7.65,,6,2,,6,3,,4,8,,1588,1565,,940,590,1349,.437,144,459,.314,264,379,.697,265,818,289,181,73,301,453
Longwood,23,16,7,.696,-2.44,-4.84,,5,3,,11,1,,4,4,,1817,1648,,920,611,1331,.459,155,468,.331,440,604,.728,270,814,310,180,48,276,427
Louisiana,21,6,15,.286,-11.70,-0.90,,4,5,,4,9,,2,3,,1386,1585,,840,489,1222,.400,140,468,.299,268,367,.730,207,647,224,155,65,223,369
Louisiana State,20,12,8,.600,13.38,5.33,,1,6,,10,2,,1,4,,1581,1420,,815,553,1196,.462,156,502,.311,319,418,.763,234,780,273,156,112,285,333
Louisiana Tech,21,15,6,.714,2.47,-0.70,,4,4,,9,1,,2,5,,1604,1434,,845,572,1188,.481,166,490,.339,294,393,.748,215,788,344,136,94,272,301
Louisiana-Monroe,22,5,17,.227,-13.64,-4.94,,1,8,,4,8,,1,8,,1540,1602,,885,550,1341,.410,155,481,.322,285,404,.705,261,826,297,177,52,265,323
Louisville,21,16,5,.762,19.33,9.57,,9,1,,9,3,,5,1,,1659,1454,,845,556,1275,.436,208,658,.316,339,459,.739,264,805,301,140,65,231,336
Loyola (IL),20,12,8,.600,0.61,-1.71,,3,4,,10,1,,2,3,,1490,1394,,810,529,1145,.462,159,460,.346,273,413,.661,212,711,319,127,83,251,369
Loyola (MD),20,8,12,.400,-12.51,-8.40,,3,6,,4,5,,4,7,,1392,1429,,800,501,1151,.435,136,437,.311,254,351,.724,208,680,272,143,57,246,317
Loyola Marymount,20,12,8,.600,1.57,3.88,,4,4,,9,3,,1,5,,1403,1404,,800,508,1175,.432,160,486,.329,227,327,.694,171,690,275,106,75,218,325
Maine,21,13,8,.619,-5.01,-6.38,,5,1,,5,1,,6,7,,1536,1407,,845,570,1215,.469,140,395,.354,256,334,.766,164,644,314,200,59,232,322
Manhattan,18,9,9,.500,-9.65,-7.47,,4,5,,4,4,,5,5,,1363,1383,,740,475,1089,.436,156,452,.345,257,341,.754,216,660,265,111,46,219,265


Marist,18,15,3,.833,-6.44,-11.33,,8,1,,8,1,,7,2,,1232,1144,,735,471,1021,.461,129,383,.337,161,233,.691,164,632,256,118,64,219,265
Marquette,21,18,3,.857,20.70,8.47,,9,1,,11,1,,6,2,,1663,1406,,845,597,1323,.451,201,612,.328,268,361,.742,230,712,306,214,82,187,329
Marshall,22,13,9,.591,-1.91,-3.66,,6,3,,10,2,,3,7,,1663,1565,,880,575,1307,.440,170,541,.314,343,495,.693,273,820,312,158,107,266,437
Maryland,22,17,5,.773,22.30,4.80,,7,4,,13,1,,2,4,,1827,1442,,886,664,1372,.484,184,495,.372,315,421,.748,242,816,339,173,99,227,352
Maryland-Baltimore County,21,11,10,.524,-8.38,-7.66,,3,3,,6,5,,5,5,,1727,1606,,860,624,1279,.488,185,482,.384,294,414,.710,174,714,322,163,64,243,331
Maryland-Eastern Shore,20,4,16,.200,-20.99,1.20,,0,4,,4,2,,0,14,,1370,1608,,800,490,1139,.430,129,408,.316,261,398,.656,190,663,228,98,37,272,338
Massachusetts,21,9,12,.429,-1.22,0.18,,4,4,,7,4,,2,4,,1607,1601,,860,572,1354,.422,120,425,.282,343,514,.667,294,839,281,168,123,256,410
Massachusetts-Lowell,21,14,7,.667,-4.86,-5.30,,3,3,,12,2,,2,5,,1727,1546,,845,600,1210,.496,145,413,.351,382,483,.791,178,778,328,123,92,261,286
McNeese State,21,16,5,.762,10.30,0.25,,10,0,,8,1,,6,1,,1639,1360,,840,582,1211,.481,161,469,.343,314,438,.717,249,755,295,201,66,238,356
Memphis,20,16,4,.800,15.14,9.39,,6,1,,8,2,,5,1,,1579,1464,,810,534,1129,.473,157,397,.395,354,492,.720,214,700,264,153,84,293,359
Mercer,22,11,11,.500,-5.85,-4.90,,4,5,,6,3,,4,7,,1749,1639,,895,641,1435,.447,195,596,.327,272,406,.670,255,851,314,208,62,266,377
Mercyhurst,23,10,13,.435,-16.57,-7.57,,4,4,,7,2,,3,11,,1525,1600,,935,533,1263,.422,151,446,.339,308,388,.794,181,619,299,173,54,253,387
Merrimack,20,11,9,.550,-3.32,-3.27,,8,1,,5,1,,6,7,,1291,1292,,800,469,1098,.427,161,463,.348,192,260,.738,131,568,234,166,71,196,321
Miami (FL),21,4,17,.190,-0.98,4.26,,0,10,,4,8,,0,5,,1584,1694,,850,577,1246,.463,158,493,.320,272,352,.773,203,672,271,130,71,228,311
Miami (OH),20,15,5,.750,-1.65,-5.37,,7,1,,9,1,,4,4,,1655,1463,,800,603,1209,.499,210,529,.397,239,324,.738,186,668,317,172,70,241,348
Michigan,20,15,5,.750,21.89,9.39,,7,2,,10,0,,3,2,,1663,1413,,810,583,1169,.499,193,521,.370,304,421,.722,223,766,358,121,84,294,345
Michigan State,20,18,2,.900,21.36,7.31,,9,0,,11,0,,4,0,,1625,1344,,805,566,1194,.474,112,388,.289,381,469,.812,244,817,369,114,106,240,330
Middle Tennessee,20,14,6,.700,3.98,1.65,,5,2,,8,1,,4,4,,1552,1416,,805,568,1236,.460,148,456,.325,268,397,.675,236,768,244,153,85,224,359
Milwaukee,22,15,7,.682,1.52,-3.13,,8,3,,9,1,,5,6,,1740,1556,,880,628,1337,.470,134,426,.315,350,520,.673,330,897,295,168,71,297,385
Minnesota,21,11,10,.524,7.73,7.78,,3,7,,10,4,,1,4,,1446,1447,,860,530,1193,.444,141,436,.323,245,384,.638,218,719,334,120,105,219,357


Mississippi,21,16,5,.762,18.81,7.81,,5,3,,10,1,,3,3,,1628,1397,,850,565,1270,.445,187,535,.350,311,425,.732,199,719,327,207,96,195,368
Mississippi State,21,16,5,.762,19.29,8.86,,4,4,,8,2,,4,2,,1697,1478,,850,615,1337,.460,179,558,.321,288,414,.696,281,811,333,203,96,218,352
Mississippi Valley State,21,2,19,.095,-33.02,1.30,,0,8,,2,4,,0,15,,1112,1727,,840,413,1074,.385,84,308,.273,202,301,.671,173,585,167,136,41,354,349
Missouri,20,16,4,.800,18.58,4.38,,5,2,,15,0,,1,3,,1663,1379,,800,539,1118,.482,174,467,.373,411,572,.719,216,698,275,202,61,221,334
Missouri State,22,7,15,.318,-5.17,0.23,,0,11,,5,5,,1,8,,1529,1596,,910,535,1210,.442,162,452,.358,297,446,.666,241,721,267,165,47,293,407
Monmouth,21,5,16,.238,-10.06,-1.82,,3,5,,3,1,,2,12,,1428,1601,,840,483,1226,.394,145,422,.344,317,432,.734,238,725,229,127,82,252,403
Montana,21,13,8,.619,-4.87,1.07,,6,2,,10,1,,3,7,,1569,1566,,840,570,1198,.476,148,455,.325,281,395,.711,170,679,283,138,74,238,330
Montana State,21,8,13,.381,-2.42,-0.92,,3,5,,6,2,,2,11,,1508,1480,,845,538,1199,.449,180,526,.342,252,347,.726,158,665,277,139,67,216,347
Morehead State,22,14,8,.636,-10.43,-6.17,,9,2,,9,0,,5,7,,1509,1495,,885,536,1235,.434,133,413,.322,304,464,.655,250,830,272,124,66,261,340
Morgan State,21,9,12,.429,-15.35,-5.59,,3,2,,9,3,,0,9,,1723,1730,,850,654,1322,.495,102,283,.360,313,439,.713,250,773,282,154,98,293,403
Mount St. Mary's,20,11,9,.550,-10.52,-6.15,,4,5,,6,3,,5,6,,1414,1461,,815,493,1152,.428,152,471,.323,276,379,.728,213,737,302,139,58,304,331
Murray State,22,11,11,.500,0.78,0.30,,5,6,,5,4,,4,5,,1640,1554,,905,550,1218,.452,174,486,.358,366,519,.705,213,740,278,153,66,259,386
Navy,22,8,14,.364,-8.92,-7.97,,5,4,,5,4,,3,8,,1564,1533,,880,552,1302,.424,170,504,.337,290,395,.734,256,819,304,123,59,246,364
NC State,20,9,11,.450,8.15,5.15,,2,7,,9,4,,0,5,,1408,1348,,805,507,1148,.442,118,376,.314,276,387,.713,210,645,255,138,84,190,328
Nebraska,20,12,8,.600,12.09,7.74,,2,7,,8,2,,2,5,,1507,1420,,805,524,1145,.458,148,446,.332,311,418,.744,186,723,276,156,58,244,311
Nevada,21,11,10,.524,10.07,5.64,,3,7,,8,4,,1,5,,1522,1429,,849,532,1126,.472,158,423,.374,300,437,.686,209,716,326,133,72,240,366
Nevada-Las Vegas,21,11,10,.524,6.62,5.95,,5,5,,9,3,,2,5,,1496,1482,,840,527,1174,.449,145,409,.355,297,415,.716,199,685,264,142,75,219,337
New Hampshire,22,4,18,.182,-20.42,-6.32,,2,5,,3,6,,1,10,,1470,1708,,880,529,1278,.414,174,515,.338,238,357,.667,228,777,253,115,54,307,368
New Mexico,21,17,4,.810,13.86,4.86,,9,1,,11,1,,4,2,,1752,1520,,850,631,1369,.461,153,440,.348,337,490,.688,267,848,347,192,112,247,382
New Mexico State,20,11,9,.550,0.33,0.85,,4,3,,7,3,,4,4,,1441,1344,,805,517,1207,.428,159,465,.342,248,369,.672,243,763,255,128,45,242,388


New Orleans,21,4,17,.190,-14.72,1.23,,2,8,,0,6,,3,10,,1416,1751,,845,500,1242,.403,129,411,.314,287,435,.660,237,717,263,162,51,277,333
Niagara,20,7,13,.350,-12.39,-7.70,,2,7,,5,4,,0,9,,1361,1415,,810,483,1080,.447,169,483,.350,226,308,.734,154,620,260,127,45,241,314
Nicholls State,21,12,9,.571,-3.59,-0.98,,6,4,,6,3,,6,6,,1557,1467,,840,561,1312,.428,156,468,.333,279,404,.691,255,793,243,178,91,229,370
NJIT,21,4,17,.190,-17.62,-6.52,,1,5,,3,5,,0,12,,1304,1470,,840,468,1188,.394,124,440,.282,244,335,.728,221,747,210,99,89,266,389
Norfolk State,22,14,8,.636,-1.34,-3.97,,4,1,,7,1,,5,7,,1703,1491,,880,608,1242,.490,134,388,.345,353,464,.761,211,756,300,155,60,269,396
North Alabama,22,14,8,.636,0.04,-3.87,,6,3,,9,1,,4,7,,1727,1582,,890,626,1394,.449,174,524,.332,301,413,.729,276,834,273,166,68,211,334
North Carolina,22,13,9,.591,16.15,10.69,,6,4,,8,2,,3,4,,1797,1677,,890,637,1358,.469,160,498,.321,363,485,.748,211,831,318,139,84,243,397
North Carolina A&T,22,4,18,.182,-12.96,-4.15,,0,9,,3,7,,1,11,,1625,1758,,880,578,1409,.410,160,509,.314,309,451,.685,244,806,251,137,73,208,358
North Carolina Central,22,10,12,.455,-11.15,-5.93,,3,2,,7,3,,2,8,,1772,1626,,890,628,1359,.462,164,476,.345,352,503,.700,304,759,354,209,49,285,453
North Dakota,23,8,15,.348,-8.40,-0.95,,2,6,,5,5,,2,8,,1789,1835,,920,627,1481,.423,192,615,.312,343,486,.706,335,895,274,133,54,256,371
North Dakota State,22,16,6,.727,4.47,-3.27,,5,2,,8,3,,6,3,,1816,1596,,886,600,1247,.481,270,666,.405,346,455,.760,208,792,344,71,44,223,340
North Florida,22,11,11,.500,-7.19,-1.89,,4,5,,6,4,,5,7,,1864,1889,,890,668,1478,.452,279,785,.355,249,373,.668,255,804,353,133,67,241,415
North Texas,20,16,4,.800,10.53,1.70,,7,1,,11,0,,4,3,,1390,1182,,800,470,1033,.455,141,381,.370,309,402,.769,212,664,205,165,50,212,292
Northeastern,21,11,10,.524,-3.70,-3.74,,3,5,,5,3,,4,6,,1476,1475,,840,554,1219,.454,136,402,.338,232,347,.669,232,747,277,156,98,278,344
Northern Arizona,21,13,8,.619,-5.82,-5.76,,4,4,,8,2,,5,5,,1650,1481,,841,610,1320,.462,176,507,.347,254,385,.660,263,838,343,128,39,216,339
Northern Colorado,21,15,6,.714,0.09,-1.97,,7,1,,9,1,,5,5,,1709,1553,,855,628,1238,.507,167,483,.346,286,390,.733,177,723,352,136,54,233,376
Northern Illinois,20,5,15,.250,-17.99,-2.93,,1,7,,5,5,,0,10,,1415,1517,,800,487,1193,.408,183,548,.334,258,372,.694,159,661,255,131,70,227,388
Northern Iowa,22,13,9,.591,4.89,-0.54,,7,4,,10,2,,3,4,,1643,1487,,880,592,1187,.499,157,423,.371,302,425,.711,176,715,307,141,65,233,323
Northern Kentucky,21,9,12,.429,-5.93,-1.40,,4,6,,8,5,,1,7,,1446,1487,,860,516,1221,.423,157,491,.320,257,394,.652,247,725,293,171,71,276,330
Northwestern,21,12,9,.571,14.14,9.43,,3,7,,10,2,,0,6,,1556,1457,,860,558,1259,.443,140,423,.331,300,414,.725,234,721,310,166,78,211,375


Northwestern State,20,9,11,.450,-5.35,0.37,,6,4,,6,3,,3,8,,1353,1405,,810,484,1134,.427,128,386,.332,257,368,.698,238,716,261,134,99,252,303
Notre Dame,20,10,10,.500,9.01,4.76,,4,5,,8,2,,2,5,,1493,1408,,805,535,1144,.468,165,435,.379,258,342,.754,198,711,244,107,34,208,311
Oakland,22,9,13,.409,-2.17,2.40,,6,5,,5,2,,3,9,,1455,1528,,890,536,1281,.418,157,552,.284,226,337,.671,284,758,246,150,70,251,334
Ohio,20,11,9,.550,-1.57,-4.00,,5,3,,8,1,,2,6,,1609,1512,,805,569,1206,.472,175,492,.356,296,394,.751,175,683,296,152,71,232,347
Ohio State,20,12,8,.600,19.79,10.94,,4,5,,8,4,,2,3,,1597,1420,,820,563,1166,.483,162,433,.374,309,421,.734,182,706,277,132,77,230,391
Oklahoma,20,15,5,.750,14.43,5.73,,2,5,,9,2,,1,3,,1587,1413,,800,539,1117,.483,179,481,.372,330,413,.799,170,645,293,174,57,240,355
Oklahoma State,20,10,10,.500,4.01,6.56,,2,7,,7,2,,2,5,,1447,1498,,800,482,1139,.423,130,399,.326,353,489,.722,242,713,247,173,52,276,389
Old Dominion,22,10,12,.455,-9.64,-3.09,,6,4,,6,7,,4,2,,1502,1579,,890,540,1336,.404,129,461,.280,293,427,.686,313,865,242,115,71,262,380
Omaha,23,13,10,.565,-3.82,-2.44,,7,1,,6,2,,6,7,,1736,1719,,920,603,1331,.453,190,522,.364,340,481,.707,232,818,289,140,53,267,435
Oral Roberts,21,5,16,.238,-12.42,0.40,,1,7,,5,5,,0,11,,1575,1665,,840,535,1189,.450,199,541,.368,306,410,.746,184,653,233,110,42,257,360
Oregon,20,16,4,.800,18.01,10.41,,5,4,,8,3,,4,1,,1558,1406,,805,540,1161,.465,154,450,.342,324,429,.755,200,722,297,144,74,232,333
Oregon State,23,16,7,.696,11.98,2.48,,6,4,,13,1,,1,5,,1783,1538,,935,624,1267,.493,174,464,.375,361,460,.785,211,778,349,170,80,261,361
Pacific,23,6,17,.261,-7.76,1.43,,1,8,,3,7,,1,10,,1622,1735,,930,581,1341,.433,151,510,.296,309,430,.719,247,824,308,130,65,290,434
Penn State,21,13,8,.619,15.85,4.80,,3,7,,10,2,,1,5,,1747,1515,,840,616,1262,.488,153,441,.347,362,477,.759,216,738,354,190,87,253,350
Pennsylvania,17,6,11,.353,-9.97,-2.62,,2,2,,4,4,,2,6,,1145,1270,,680,398,964,.413,143,440,.325,206,300,.687,170,573,230,81,32,200,267
Pepperdine,21,8,13,.381,-1.31,2.49,,2,6,,6,5,,1,7,,1499,1513,,840,545,1225,.445,135,411,.328,274,382,.717,207,753,333,131,61,247,324
Pittsburgh,20,14,6,.700,18.00,8.80,,5,4,,10,2,,3,3,,1597,1413,,810,555,1180,.470,173,483,.358,314,399,.787,191,689,280,146,94,198,326
Portland,22,7,15,.318,-9.83,2.92,,2,7,,6,6,,1,6,,1577,1788,,900,536,1254,.427,179,534,.335,326,421,.774,188,752,328,112,73,307,341
Portland State,20,13,7,.650,-3.79,-4.50,,5,2,,8,1,,4,5,,1575,1397,,800,594,1225,.485,135,398,.339,252,396,.636,249,760,330,172,107,265,348
Prairie View,21,4,17,.190,-16.29,-3.59,,3,5,,2,3,,2,14,,1575,1808,,840,558,1244,.449,136,409,.333,323,451,.716,178,583,261,189,59,259,440


Presbyterian,23,9,14,.391,-8.62,-4.47,,2,6,,6,3,,1,11,,1727,1632,,930,624,1328,.470,177,477,.371,302,437,.691,242,795,313,150,78,258,410
Princeton,19,14,5,.737,-0.50,-2.33,,3,1,,6,2,,5,1,,1464,1376,,760,523,1163,.450,200,529,.378,218,318,.686,195,665,293,154,37,200,306
Providence,21,11,10,.524,8.31,5.78,,5,5,,9,2,,2,4,,1509,1456,,845,522,1185,.441,187,541,.346,278,395,.704,248,809,253,104,78,261,376
Purdue,21,16,5,.762,22.90,12.90,,8,2,,10,1,,4,2,,1628,1418,,840,574,1165,.493,170,443,.384,310,430,.721,193,689,360,143,42,227,313
Purdue Fort Wayne,22,15,7,.682,0.88,-4.02,,8,3,,9,0,,5,6,,1850,1649,,895,656,1354,.484,243,613,.396,295,384,.768,168,665,328,191,66,200,327
Queens (NC),22,13,9,.591,-4.68,-2.63,,6,3,,7,3,,5,6,,1670,1622,,880,583,1342,.434,204,624,.327,300,451,.665,274,853,356,155,117,292,378
Quinnipiac,20,12,8,.600,-4.22,-5.22,,8,1,,7,1,,5,7,,1431,1388,,805,514,1254,.410,139,491,.283,264,359,.735,252,780,250,181,98,245,332
Radford,23,14,9,.609,-3.60,-2.41,,4,4,,7,1,,5,8,,1706,1626,,925,580,1300,.446,173,477,.363,373,497,.751,288,856,270,143,78,271,397
Rhode Island,21,15,6,.714,3.60,-1.25,,4,5,,11,2,,1,4,,1657,1528,,855,558,1218,.458,157,457,.344,384,548,.701,225,825,300,125,74,277,353
Rice,21,11,10,.524,-1.96,-3.46,,2,6,,6,4,,3,4,,1471,1442,,850,482,1157,.417,153,472,.324,354,518,.683,265,824,247,100,68,270,387
Richmond,21,7,14,.333,-4.89,0.95,,2,6,,4,6,,1,7,,1431,1499,,855,472,1151,.410,167,560,.298,320,410,.780,135,677,250,134,47,215,387
Rider,20,7,13,.350,-13.05,-5.70,,3,6,,1,5,,6,8,,1302,1449,,800,472,1149,.411,105,358,.293,253,362,.699,238,696,242,112,56,233,279
Robert Morris,22,15,7,.682,-3.95,-5.47,,7,4,,10,2,,5,5,,1648,1588,,900,558,1303,.428,154,470,.328,378,519,.728,280,832,322,143,97,302,385
Rutgers,21,11,10,.524,10.36,8.83,,4,6,,8,3,,2,4,,1608,1576,,845,568,1262,.450,153,455,.336,319,460,.693,233,761,278,138,80,223,360
Sacramento State,20,6,14,.300,-12.85,-3.26,,2,5,,5,7,,1,7,,1338,1348,,800,462,1082,.427,170,520,.327,244,365,.668,198,697,271,122,70,266,384
Sacred Heart,20,8,12,.400,-10.05,-7.79,,4,5,,4,3,,3,8,,1515,1518,,800,541,1209,.447,191,513,.372,242,334,.725,226,721,312,144,52,248,317
Saint Francis (PA),22,8,14,.364,-13.76,-3.92,,3,5,,6,4,,2,10,,1560,1599,,890,584,1275,.458,184,537,.343,208,278,.748,188,744,329,136,56,288,332
Saint Joseph's,21,13,8,.619,7.92,0.97,,4,4,,8,4,,2,3,,1600,1454,,845,558,1243,.449,193,570,.339,291,390,.746,212,787,331,137,117,246,305
Saint Louis,21,13,8,.619,3.65,1.23,,6,2,,11,1,,2,5,,1567,1449,,840,551,1157,.476,193,570,.339,272,401,.678,163,752,321,136,64,266,320
Saint Mary's (CA),22,19,3,.864,17.44,3.34,,9,0,,11,1,,6,0,,1677,1341,,890,615,1337,.460,152,447,.340,295,421,.701,326,893,367,147,88,220,334


Saint Peter's,16,7,9,.438,-8.47,-6.27,,2,6,,2,4,,5,5,,1041,1009,,640,358,891,.402,122,349,.350,203,283,.717,216,603,181,114,54,235,328
Sam Houston,21,8,13,.381,-3.32,2.24,,1,7,,5,3,,2,9,,1619,1620,,845,564,1267,.445,187,481,.389,304,427,.712,252,757,288,141,54,262,381
Samford,22,17,5,.773,3.24,-3.26,,7,2,,11,1,,6,4,,1843,1615,,890,659,1395,.472,237,632,.375,288,398,.724,275,792,379,214,91,289,414
San Diego,22,4,18,.182,-7.19,2.53,,1,8,,4,9,,0,8,,1485,1684,,880,540,1327,.407,135,477,.283,270,371,.728,254,766,241,162,82,309,458
San Diego State,19,14,5,.737,15.08,8.36,,7,3,,7,3,,4,1,,1369,1197,,770,498,1135,.439,151,438,.345,220,325,.677,210,705,248,149,103,208,349
San Francisco,23,17,6,.739,9.51,1.51,,7,3,,13,0,,2,4,,1750,1558,,925,609,1312,.464,209,597,.350,323,466,.693,235,807,331,160,90,283,424
San Jose State,22,10,12,.455,1.84,3.29,,3,7,,5,5,,1,6,,1634,1589,,885,578,1272,.454,173,489,.354,305,402,.759,216,762,290,117,59,228,336
Santa Clara,23,14,9,.609,11.79,6.58,,6,4,,8,3,,3,4,,1830,1710,,935,650,1412,.460,231,654,.353,299,411,.727,270,866,369,149,70,283,386
Seattle,20,8,12,.400,0.03,0.76,,3,3,,6,4,,2,7,,1456,1374,,800,483,1127,.429,147,432,.340,343,471,.728,218,704,243,148,58,237,345
Seton Hall,21,6,15,.286,0.37,5.56,,1,9,,4,7,,0,6,,1341,1450,,850,469,1153,.407,122,364,.335,281,419,.671,248,695,235,166,66,269,386
Siena,20,9,11,.450,-7.27,-5.72,,4,5,,5,3,,3,6,,1409,1440,,820,477,1120,.426,161,468,.344,294,406,.724,196,638,238,133,99,259,333
South Alabama,21,14,7,.667,2.18,-3.82,,6,3,,10,3,,4,4,,1526,1313,,850,532,1210,.440,204,604,.338,258,370,.697,205,738,331,204,58,198,275
South Carolina,21,10,11,.476,9.27,7.75,,0,8,,8,5,,1,5,,1478,1446,,850,496,1144,.434,144,442,.326,342,494,.692,229,755,279,122,65,276,337
South Carolina State,20,9,11,.450,-7.30,-6.24,,3,2,,4,2,,4,9,,1526,1417,,800,531,1155,.460,127,382,.332,337,495,.681,229,683,281,181,68,267,429
South Carolina Upstate,23,5,18,.217,-15.76,-1.76,,1,7,,4,6,,1,11,,1719,1903,,920,633,1381,.458,148,500,.296,305,446,.684,214,803,303,158,46,333,450
South Dakota,23,13,10,.565,-6.57,-3.57,,4,4,,11,1,,2,9,,1981,1926,,920,675,1453,.465,178,547,.325,453,647,.700,284,827,280,167,82,233,419
South Dakota State,22,14,8,.636,4.84,-0.74,,5,2,,10,0,,1,6,,1759,1574,,880,637,1333,.478,197,562,.351,288,381,.756,249,889,321,113,60,272,362
South Florida,21,11,10,.524,-1.82,-2.32,,4,4,,8,2,,1,6,,1591,1524,,840,568,1236,.460,163,486,.335,292,400,.730,209,715,311,173,66,238,351
Southeast Missouri State,21,11,10,.524,-6.64,-5.59,,6,4,,7,3,,4,6,,1536,1414,,845,566,1282,.441,153,475,.322,251,352,.713,192,715,289,171,71,224,386
Southeastern Louisiana,21,12,9,.571,-4.13,-4.29,,6,4,,4,2,,7,6,,1512,1437,,840,543,1201,.452,130,392,.332,296,398,.744,214,739,261,156,49,271,379


Southern,20,12,8,.600,-5.78,-4.13,,7,0,,6,0,,6,8,,1516,1367,,801,555,1257,.442,135,428,.315,271,414,.655,269,753,270,209,78,254,376
Southern California,20,12,8,.600,12.20,8.00,,4,5,,9,5,,3,1,,1540,1456,,800,546,1132,.482,132,379,.348,316,429,.737,167,642,320,129,54,232,351
Southern Illinois,22,10,12,.455,-2.08,1.07,,5,6,,5,4,,4,5,,1618,1632,,890,590,1290,.457,137,422,.325,301,442,.681,238,784,322,152,68,283,374
SIU Edwardsville,21,14,7,.667,-7.03,-7.48,,7,3,,9,1,,4,6,,1539,1396,,850,556,1285,.433,165,484,.341,262,395,.663,250,803,287,150,82,234,351
Southern Indiana,21,9,12,.429,-11.69,-7.85,,4,7,,7,3,,2,9,,1541,1521,,850,550,1253,.439,150,424,.354,291,402,.724,226,767,247,148,61,246,362
Southern Methodist,21,16,5,.762,14.96,4.01,,7,3,,9,3,,4,2,,1738,1508,,840,612,1280,.478,168,443,.379,346,467,.741,278,848,340,162,84,248,351
Southern Mississippi,22,9,13,.409,-7.76,-1.56,,4,6,,8,2,,1,9,,1597,1672,,890,572,1321,.433,154,487,.316,299,436,.686,253,850,319,149,104,323,370
Southern Utah,20,9,11,.450,-7.31,0.22,,1,5,,7,4,,1,7,,1459,1471,,800,514,1169,.440,129,409,.315,302,414,.729,212,743,257,110,92,280,336
St. Bonaventure,22,16,6,.727,6.46,-0.54,,4,5,,9,2,,5,3,,1568,1399,,885,565,1239,.456,146,438,.333,292,399,.732,221,775,249,161,81,229,287
St. John's (NY),21,18,3,.857,20.52,5.80,,9,1,,13,0,,4,1,,1677,1368,,855,629,1377,.457,125,419,.298,294,421,.698,301,873,324,203,128,242,344
St. Thomas,23,17,6,.739,1.75,-4.30,,7,1,,10,0,,6,5,,1951,1718,,925,678,1361,.498,246,622,.395,349,448,.779,174,741,366,164,75,231,417
Stanford,21,15,6,.714,10.64,3.79,,7,3,,12,1,,3,3,,1609,1465,,840,556,1242,.448,179,521,.344,318,411,.774,231,734,304,146,72,216,361
Stephen F. Austin,21,9,12,.429,-7.52,-2.80,,2,8,,6,5,,3,7,,1355,1361,,850,495,1169,.423,115,416,.276,250,414,.604,285,805,255,183,91,357,369
Stetson,22,7,15,.318,-15.00,-3.35,,5,4,,4,5,,3,7,,1627,1815,,890,562,1259,.446,171,491,.348,332,452,.735,198,749,271,123,68,305,333
Stonehill,22,11,11,.500,-11.78,-8.23,,3,4,,7,2,,3,8,,1531,1539,,880,532,1221,.436,197,548,.359,270,386,.699,192,731,328,149,60,264,380
Stony Brook,21,5,16,.238,-14.59,-3.44,,1,7,,3,7,,2,8,,1389,1564,,840,482,1175,.410,142,454,.313,283,372,.761,225,696,228,119,41,259,327
Syracuse,21,9,12,.429,4.04,7.42,,3,7,,8,4,,1,5,,1558,1629,,850,570,1257,.453,132,423,.312,286,416,.688,223,789,280,98,53,262,331
Tarleton State,21,8,13,.381,-11.13,1.49,,3,3,,6,1,,1,10,,1363,1502,,840,469,1063,.441,94,272,.346,331,448,.739,200,631,226,207,71,390,396
TCU,20,10,10,.500,11.20,10.55,,3,6,,9,2,,1,5,,1373,1360,,805,499,1185,.421,132,423,.312,243,386,.630,234,698,253,150,62,221,312
Temple,21,13,8,.619,2.20,0.20,,5,3,,9,0,,2,5,,1667,1598,,850,558,1239,.450,147,406,.362,404,554,.729,246,795,231,143,82,246,366


Tennessee,21,17,4,.810,24.71,8.99,,4,4,,11,1,,3,3,,1575,1245,,840,548,1228,.446,182,545,.334,297,392,.758,272,809,329,163,108,228,306
Tennessee State,21,9,12,.429,-9.70,-7.26,,5,5,,8,3,,1,7,,1673,1579,,865,599,1306,.459,140,449,.312,335,506,.662,295,889,289,156,76,334,417
Tennessee Tech,21,10,11,.476,-10.05,-5.89,,5,5,,6,2,,3,8,,1539,1583,,845,543,1246,.436,205,582,.352,248,355,.699,187,732,331,128,63,244,288
Tennessee-Martin,21,9,12,.429,-10.18,-6.51,,5,5,,6,2,,3,9,,1625,1519,,865,555,1315,.422,206,647,.318,309,436,.709,294,861,294,178,67,275,369
Texas,21,14,7,.667,17.29,5.44,,3,5,,10,3,,2,3,,1647,1398,,840,577,1208,.478,160,436,.367,331,439,.754,202,745,282,138,95,202,348
Texas A&M,21,16,5,.762,20.75,11.32,,5,3,,10,1,,2,3,,1582,1384,,840,540,1274,.424,146,476,.307,356,520,.685,351,883,257,167,90,256,364
Texas A&M-Corpus Christi,22,14,8,.636,0.59,-1.35,,7,3,,11,2,,3,6,,1754,1506,,880,661,1325,.499,130,372,.349,302,484,.624,261,831,344,182,84,265,401
Texas Southern,20,9,11,.450,-10.83,-2.54,,6,1,,6,2,,3,9,,1467,1531,,810,526,1231,.427,138,409,.337,277,373,.743,210,731,279,175,73,268,349
Texas State,21,12,9,.571,-1.38,-2.70,,5,4,,7,1,,3,7,,1628,1515,,850,569,1211,.470,121,318,.381,369,476,.775,242,783,294,145,87,258,380
Texas Tech,20,16,4,.800,22.25,5.50,,7,2,,11,2,,4,0,,1628,1293,,805,587,1197,.490,186,489,.380,268,350,.766,234,741,341,142,55,215,311
Texas-Rio Grande Valley,21,12,9,.571,-4.95,-2.66,,4,6,,8,3,,2,6,,1639,1522,,840,599,1338,.448,222,696,.319,219,316,.693,265,810,364,152,53,275,360
The Citadel,20,5,15,.250,-17.99,-4.05,,0,9,,5,7,,0,8,,1367,1483,,810,485,1131,.429,162,529,.306,235,388,.606,214,712,262,117,46,265,329
Toledo,20,12,8,.600,-3.44,-0.70,,6,2,,4,2,,6,5,,1565,1555,,800,569,1219,.467,123,361,.341,304,418,.727,208,692,274,107,59,198,314
Towson,21,12,9,.571,-2.53,-1.58,,7,1,,7,1,,5,4,,1428,1392,,855,516,1259,.410,150,467,.321,246,370,.665,274,776,218,137,69,207,351
Troy,20,13,7,.650,3.46,-0.32,,6,3,,8,3,,5,4,,1458,1311,,800,503,1137,.442,152,505,.301,300,419,.716,282,772,295,192,89,302,327
Tulane,20,11,9,.550,2.01,-2.60,,5,2,,9,2,,2,4,,1531,1371,,805,522,1164,.448,166,476,.349,321,416,.772,193,719,314,158,94,223,361
Tulsa,21,9,12,.429,-7.55,-5.12,,3,5,,7,6,,1,4,,1555,1554,,860,541,1262,.429,183,560,.327,288,436,.661,238,803,294,132,64,248,329
UAB,21,13,8,.619,3.20,-2.95,,6,2,,9,3,,3,3,,1766,1598,,845,644,1384,.465,145,427,.340,333,440,.757,306,858,348,150,81,230,329
UC Davis,20,12,8,.600,-5.30,-1.30,,6,3,,7,2,,5,6,,1388,1387,,800,459,1113,.412,120,385,.312,350,469,.746,215,688,206,162,74,276,374
UC Irvine,21,18,3,.857,10.34,-0.26,,8,1,,7,0,,8,3,,1599,1357,,850,546,1214,.450,137,406,.337,370,464,.797,199,842,336,150,73,275,326


UC Riverside,21,13,8,.619,-0.39,2.66,,6,3,,8,1,,5,7,,1535,1542,,855,550,1311,.420,183,553,.331,252,347,.726,268,798,275,108,53,244,379
UC San Diego,21,17,4,.810,11.36,-1.06,,7,2,,8,2,,6,2,,1681,1311,,840,573,1248,.459,213,618,.345,322,427,.754,207,726,320,225,41,196,358
UC Santa Barbara,20,13,7,.650,0.74,-4.37,,5,4,,8,3,,5,4,,1480,1322,,800,524,1110,.472,188,500,.376,244,325,.751,184,718,293,111,54,252,321
UCF,20,13,7,.650,11.75,10.55,,4,5,,10,2,,2,3,,1597,1573,,815,529,1256,.421,182,519,.351,357,461,.774,251,742,298,152,88,245,341
UCLA,21,15,6,.714,18.06,7.21,,6,4,,10,1,,3,3,,1594,1366,,840,572,1216,.470,146,427,.342,304,429,.709,228,687,329,180,59,241,386
UNC Asheville,22,16,6,.727,-3.83,-4.05,,7,1,,10,0,,5,6,,1849,1647,,890,668,1398,.478,179,504,.355,334,480,.696,269,804,333,167,91,231,431
UNC Greensboro,22,14,8,.636,0.59,-2.56,,7,2,,8,1,,5,5,,1627,1418,,880,568,1274,.446,218,565,.386,273,371,.736,249,817,298,133,59,228,353
UNC Wilmington,21,16,5,.762,2.19,-3.02,,6,2,,12,2,,4,3,,1683,1480,,845,572,1243,.460,158,476,.332,381,517,.737,277,840,311,135,68,232,357
UT Arlington,20,9,11,.450,-3.78,-2.89,,2,4,,5,2,,3,7,,1524,1479,,810,522,1175,.444,182,499,.365,298,419,.711,240,744,277,133,62,276,383
Utah,20,12,8,.600,11.94,5.59,,4,5,,11,3,,1,3,,1529,1402,,805,544,1178,.462,173,511,.339,268,428,.626,238,800,376,129,87,255,359
Utah State,21,19,2,.905,15.97,3.72,,9,1,,11,1,,5,1,,1730,1421,,840,609,1223,.498,193,515,.375,319,448,.712,234,738,396,190,64,235,353
Utah Tech,20,6,14,.300,-9.76,0.35,,2,3,,5,3,,0,10,,1408,1525,,800,498,1183,.421,146,455,.321,266,394,.675,214,671,269,140,51,240,356
Utah Valley,21,15,6,.714,1.07,-1.88,,7,0,,8,0,,6,5,,1604,1453,,845,578,1229,.470,122,378,.323,326,469,.695,237,807,335,147,127,262,340
UTEP,20,15,5,.750,1.20,-0.04,,5,2,,10,2,,3,2,,1468,1361,,800,505,1104,.457,154,403,.382,304,424,.717,163,584,275,220,67,246,380
UTSA,20,9,11,.450,-4.16,0.89,,3,5,,6,3,,2,8,,1581,1587,,805,539,1261,.427,203,557,.364,300,362,.829,220,655,268,191,69,224,356
Valparaiso,22,10,12,.455,-3.32,-0.62,,3,8,,8,5,,2,6,,1690,1629,,895,575,1332,.432,169,510,.331,371,477,.778,239,784,260,131,77,230,381
Vanderbilt,20,16,4,.800,16.31,4.01,,4,3,,11,1,,2,2,,1638,1392,,800,579,1248,.464,170,511,.333,310,419,.740,234,709,300,198,87,198,331
Vermont,21,11,10,.524,-10.39,-5.39,,4,2,,7,2,,3,7,,1381,1369,,840,482,1142,.422,160,502,.319,257,352,.730,186,700,256,136,89,248,298
Villanova,21,12,9,.571,13.01,4.96,,5,5,,10,2,,1,5,,1612,1443,,840,567,1200,.473,214,535,.400,264,332,.795,223,739,285,115,56,214,347
Virginia,21,10,11,.476,4.37,6.32,,3,7,,8,4,,1,5,,1319,1360,,840,468,1069,.438,171,457,.374,212,286,.741,146,636,307,110,79,226,310


Virginia Commonwealth,21,16,5,.762,12.72,0.22,,6,2,,10,0,,3,3,,1622,1327,,845,559,1275,.438,191,603,.317,313,438,.715,278,804,319,183,117,242,377
VMI,22,10,12,.455,-10.15,-4.32,,4,5,,6,3,,3,8,,1672,1581,,880,566,1297,.436,209,608,.344,331,442,.749,242,786,307,184,55,260,339
Virginia Tech,21,9,12,.429,3.29,6.10,,4,6,,7,5,,2,3,,1465,1524,,840,514,1172,.439,165,454,.363,272,378,.720,230,715,276,107,33,283,363
Wagner,20,11,9,.550,-15.46,-8.65,,3,4,,6,4,,5,5,,1290,1201,,810,458,1119,.409,142,416,.341,232,327,.709,232,710,267,157,33,236,340
Wake Forest,21,15,6,.714,8.98,5.41,,7,3,,10,1,,3,4,,1458,1383,,840,519,1178,.441,125,444,.282,295,397,.743,193,713,239,156,93,246,348
Washington,20,10,10,.500,8.05,8.94,,1,8,,8,5,,0,5,,1434,1436,,800,506,1153,.439,131,408,.321,291,436,.667,204,679,259,142,79,238,364
Washington State,22,15,7,.682,7.95,3.40,,5,4,,8,2,,3,3,,1771,1671,,885,631,1275,.495,194,534,.363,315,441,.714,229,783,374,144,111,333,425
Weber State,21,8,13,.381,-8.00,-0.39,,2,5,,3,5,,3,8,,1572,1508,,845,552,1194,.462,173,485,.357,295,419,.704,208,745,261,137,53,239,379
West Georgia,22,4,18,.182,-13.83,-2.93,,2,7,,3,4,,1,12,,1527,1710,,881,576,1323,.435,123,401,.307,252,370,.681,217,722,294,163,64,259,361
West Virginia,20,13,7,.650,16.15,10.40,,4,5,,9,3,,2,3,,1401,1286,,815,491,1156,.425,177,542,.327,242,324,.747,185,676,268,159,90,216,331
Western Carolina,20,6,14,.300,-18.09,-0.62,,2,7,,5,5,,1,9,,1357,1571,,805,466,1207,.386,173,602,.287,252,336,.750,209,759,225,121,56,305,333
Western Illinois,21,8,13,.381,-16.08,-7.42,,2,8,,5,5,,3,7,,1413,1462,,845,518,1201,.431,164,451,.364,213,311,.685,234,734,207,119,72,242,290
Western Kentucky,20,12,8,.600,1.28,2.00,,3,4,,9,2,,3,6,,1536,1501,,805,533,1261,.423,163,494,.330,307,417,.736,186,763,242,177,56,231,368
Western Michigan,20,6,14,.300,-10.22,-3.48,,3,5,,3,6,,3,8,,1433,1521,,800,529,1239,.427,106,382,.277,267,399,.669,265,768,251,126,47,219,362
Wichita State,21,11,10,.524,1.77,1.82,,1,7,,8,4,,1,5,,1573,1559,,845,573,1263,.454,112,364,.308,315,435,.724,226,786,269,155,87,237,307
William & Mary,21,13,8,.619,-3.22,-4.32,,7,1,,9,0,,3,7,,1711,1588,,840,583,1242,.469,231,643,.359,314,422,.744,203,755,364,145,39,270,376
Winthrop,23,14,9,.609,-2.91,-3.16,,4,4,,13,1,,1,8,,1939,1783,,935,652,1407,.463,173,552,.313,462,698,.662,303,905,274,197,80,299,464
Wisconsin,21,16,5,.762,20.52,9.28,,6,4,,11,1,,2,4,,1718,1482,,840,571,1223,.467,208,576,.361,368,435,.846,191,752,317,109,46,217,367
Wofford,22,11,11,.500,-1.93,-1.23,,5,4,,7,2,,3,8,,1634,1549,,885,602,1325,.454,209,631,.331,221,353,.626,289,852,353,129,55,247,371
Wright State,22,11,11,.500,-2.53,-2.68,,5,6,,7,3,,3,6,,1694,1626,,890,630,1301,.484,183,485,.377,251,352,.713,206,783,327,129,65,251,376


Wyoming,21,11,10,.524,0.02,2.92,,4,6,,7,3,,3,5,,1453,1488,,845,519,1166,.445,168,467,.360,247,368,.671,225,743,250,89,59,275,387
Xavier,22,13,9,.591,14.18,7.41,,5,6,,10,2,,2,6,,1693,1544,,890,569,1257,.453,180,470,.383,375,482,.778,195,753,362,165,66,250,359
Yale,17,11,6,.647,7.47,-2.91,,4,0,,7,0,,2,5,,1400,1180,,680,504,1051,.480,133,346,.384,259,349,.742,213,690,302,101,61,186,298
Youngstown State,22,13,9,.591,-5.09,-5.29,,7,4,,6,3,,6,5,,1660,1539,,890,570,1333,.428,188,608,.309,332,464,.716,250,822,303,150,122,274,408
