Rk,School,G,W,L,W-L%,SRS,SOS, ,W,L, ,W,L, ,W,L, ,Tm.,Opp., ,MP,FG,FGA,FG%,3P,3PA,3P%,FT,FTA,FT%,ORB,TRB,AST,STL,BLK,TOV,PF
Abilene Christian,21,9,12,.429,-7.34,-0.51,,1,5,,6,4,,2,8,,1473,1486,,845,533,1200,.444,100,332,.301,307,441,.696,235,714,278,210,61,317,427
Air Force,21,3,18,.143,-6.58,1.56,,0,10,,2,9,,0,9,,1330,1501,,845,455,1043,.436,169,497,.340,251,400,.628,157,625,280,123,64,279,363
Akron,20,15,5,.750,3.80,-3.76,,8,0,,10,0,,4,3,,1680,1460,,805,606,1328,.456,230,636,.362,238,314,.758,259,823,367,158,74,253,367
Alabama,20,17,3,.850,25.05,13.20,,6,1,,9,1,,5,1,,1807,1570,,805,608,1285,.473,198,610,.325,393,554,.709,281,892,340,130,100,257,372
Alabama A&M,20,7,13,.350,-19.08,-7.49,,3,4,,7,6,,0,7,,1540,1614,,820,531,1298,.409,167,523,.319,311,467,.666,310,784,295,178,88,339,436
Alabama State,20,8,12,.400,-10.45,-5.24,,4,3,,5,1,,1,9,,1508,1556,,805,528,1284,.411,183,557,.329,269,398,.676,241,719,240,150,45,191,381
Albany (NY),22,11,11,.500,-9.79,-7.44,,3,4,,5,4,,4,6,,1661,1645,,890,607,1368,.444,150,479,.313,297,407,.730,254,736,267,184,37,239,410
Alcorn State,20,4,16,.200,-14.61,-0.08,,4,3,,3,2,,1,14,,1243,1525,,805,439,1153,.381,116,358,.324,249,346,.720,256,681,203,129,61,291,349
American,21,12,9,.571,-7.68,-4.53,,6,2,,7,1,,2,8,,1468,1466,,855,503,1132,.444,180,517,.348,282,371,.760,165,634,267,134,47,243,397
Appalachian State,20,12,8,.600,0.88,-1.07,,6,3,,7,2,,3,5,,1374,1243,,800,482,1078,.447,160,451,.355,250,383,.653,193,752,264,120,75,231,279
Arizona,20,14,6,.700,23.53,9.88,,8,1,,10,1,,3,2,,1657,1384,,810,590,1230,.480,141,433,.326,336,445,.755,249,797,341,172,82,230,325
Arizona State,20,12,8,.600,13.31,11.51,,3,6,,5,3,,2,4,,1467,1431,,804,501,1125,.445,172,479,.359,293,416,.704,190,722,264,110,103,276,333
Arkansas,20,12,8,.600,15.15,7.10,,1,6,,10,3,,1,3,,1523,1362,,800,555,1196,.464,145,446,.325,268,369,.726,198,718,291,152,115,230,319
Arkansas State,21,16,5,.762,6.23,-1.42,,7,2,,11,0,,4,3,,1648,1452,,850,562,1346,.418,196,617,.318,328,455,.721,274,856,285,156,96,221,392
Arkansas-Pine Bluff,20,3,17,.150,-25.68,-3.46,,0,7,,3,3,,0,14,,1489,1788,,800,555,1205,.461,156,477,.327,223,365,.611,199,680,285,137,41,309,400
Army,20,11,9,.550,-11.00,-6.84,,5,3,,8,3,,3,6,,1498,1481,,820,560,1245,.450,182,542,.336,196,301,.651,203,718,304,135,46,214,294
Auburn,19,18,1,.947,30.82,12.14,,6,0,,9,0,,3,1,,1596,1241,,760,575,1168,.492,181,486,.372,265,356,.744,221,727,324,135,136,178,335
Austin Peay,21,8,13,.381,-10.22,-0.64,,3,5,,4,3,,3,9,,1429,1544,,850,497,1250,.398,170,525,.324,265,375,.707,206,684,241,166,52,223,380
Ball State,20,9,11,.450,-8.77,-6.47,,3,5,,4,5,,3,5,,1509,1471,,800,500,1089,.459,148,427,.347,361,527,.685,187,716,268,103,43,242,332
Baylor,20,13,7,.650,19.65,10.55,,5,4,,9,1,,2,5,,1608,1381,,820,583,1261,.462,188,507,.371,254,353,.720,270,733,320,165,68,219,322


Bellarmine,21,3,18,.143,-17.51,-3.30,,0,8,,3,8,,0,10,,1478,1679,,840,526,1163,.452,192,538,.357,234,297,.788,148,631,303,121,35,267,335
Belmont,21,15,6,.714,2.38,0.18,,7,3,,8,3,,6,2,,1719,1652,,845,616,1312,.470,217,584,.372,270,366,.738,213,750,362,143,65,241,334
Bethune-Cookman,20,7,13,.350,-9.04,-2.79,,4,3,,3,0,,3,12,,1318,1443,,800,468,1145,.409,122,388,.314,260,370,.703,193,684,210,143,74,268,336
Binghamton,21,9,12,.429,-14.82,-7.71,,1,5,,5,2,,3,9,,1463,1518,,850,527,1126,.468,160,425,.376,247,357,.692,178,722,293,97,66,290,370
Boise State,20,13,7,.650,13.24,4.29,,5,4,,8,1,,2,4,,1554,1349,,805,537,1120,.479,140,435,.322,340,438,.776,210,735,301,106,55,224,315
Boston College,20,9,11,.450,-1.96,2.59,,1,8,,6,5,,0,5,,1415,1506,,810,506,1149,.440,129,360,.358,274,378,.725,214,686,229,97,76,240,370
Boston University,22,11,11,.500,-10.67,-7.33,,5,4,,8,3,,2,8,,1454,1486,,890,518,1187,.436,175,526,.333,243,383,.634,243,785,265,128,55,298,335
Bowling Green State,20,7,13,.350,-9.94,-4.66,,2,6,,5,5,,1,7,,1506,1512,,800,521,1184,.440,165,484,.341,299,396,.755,196,679,223,157,64,242,351
Bradley,21,18,3,.857,9.35,-1.05,,9,1,,10,1,,5,1,,1684,1410,,855,580,1191,.487,213,525,.406,311,394,.789,183,746,324,160,81,253,337
Brigham Young,20,14,6,.700,18.23,4.58,,5,4,,11,1,,1,4,,1620,1347,,815,581,1198,.485,210,566,.371,248,357,.695,238,771,339,151,67,238,313
Brown,17,9,8,.529,-5.98,-3.85,,1,3,,5,4,,4,4,,1244,1237,,695,456,1022,.446,155,438,.354,177,278,.637,200,616,257,104,87,205,265
Bryant,21,12,9,.571,-2.49,-5.17,,6,0,,6,2,,5,6,,1747,1595,,845,637,1383,.461,178,502,.355,295,411,.718,274,851,311,151,121,261,331
Bucknell,21,8,13,.381,-7.61,-3.18,,4,4,,6,3,,2,9,,1479,1572,,885,515,1187,.434,167,515,.324,282,430,.656,181,702,266,146,68,291,373
Buffalo,20,7,13,.350,-14.50,-1.95,,2,6,,5,4,,2,9,,1444,1626,,800,506,1185,.427,165,534,.309,267,394,.678,173,693,285,143,75,299,324
Butler,21,9,12,.429,10.54,9.59,,2,8,,7,6,,0,5,,1533,1513,,845,502,1120,.448,165,455,.363,364,487,.747,184,742,294,73,65,234,302
Cal Poly,21,7,14,.333,-5.36,1.74,,1,8,,5,4,,2,10,,1662,1771,,855,587,1303,.450,224,659,.340,264,352,.750,225,747,317,160,47,356,379
Cal State Bakersfield,21,10,11,.476,-4.63,-1.26,,4,5,,7,2,,2,8,,1570,1516,,845,546,1228,.445,144,360,.400,334,439,.761,269,754,207,141,57,266,444
Cal State Fullerton,22,6,16,.273,-10.51,1.19,,1,9,,4,7,,2,9,,1436,1631,,880,479,1151,.416,103,375,.275,375,492,.762,213,708,200,136,34,307,422
Cal State Northridge,20,13,7,.650,1.24,-4.20,,5,4,,5,2,,6,5,,1606,1425,,805,578,1237,.467,131,389,.337,319,454,.703,254,816,323,164,67,273,413
California,20,11,9,.550,5.65,4.95,,4,5,,9,3,,2,5,,1525,1511,,805,515,1180,.436,146,441,.331,349,464,.752,263,743,208,111,74,234,326


California Baptist,20,10,10,.500,-0.36,-0.86,,3,3,,6,4,,3,5,,1458,1448,,810,527,1222,.431,129,435,.297,275,367,.749,248,736,243,123,52,226,328
Campbell,21,10,11,.476,-5.71,-4.40,,5,3,,4,4,,6,7,,1475,1410,,845,512,1173,.436,156,488,.320,295,382,.772,164,659,278,153,59,223,337
Canisius,20,2,18,.100,-18.49,-3.49,,2,7,,1,8,,1,9,,1287,1587,,800,467,1099,.425,169,464,.364,184,237,.776,124,527,233,107,49,230,312
Central Arkansas,21,5,16,.238,-13.72,-3.20,,1,7,,5,4,,0,12,,1491,1614,,865,529,1341,.394,189,661,.286,244,346,.705,259,787,290,175,46,247,295
Central Connecticut State,20,14,6,.700,-4.79,-8.46,,5,2,,6,2,,8,3,,1443,1279,,800,547,1151,.475,144,422,.341,205,289,.709,179,711,296,147,82,218,231
Central Michigan,20,9,11,.450,-5.10,0.09,,3,5,,5,3,,4,7,,1467,1400,,800,535,1178,.454,133,427,.311,264,378,.698,217,745,272,157,61,262,329
Charleston Southern,22,6,16,.273,-9.95,-0.50,,2,5,,5,3,,1,11,,1600,1725,,895,535,1276,.419,156,522,.299,374,583,.642,267,844,260,108,62,290,390
Charlotte,20,8,12,.400,-5.10,-1.10,,1,6,,6,5,,1,6,,1406,1460,,810,457,1095,.417,127,433,.293,365,494,.739,180,652,244,102,44,192,340
Chattanooga,21,13,8,.619,-0.90,-2.64,,5,3,,8,3,,5,5,,1615,1515,,850,572,1215,.471,197,570,.346,274,358,.765,173,701,352,135,52,228,334
Chicago State,22,2,20,.091,-19.93,-1.25,,2,5,,1,4,,1,14,,1327,1738,,880,470,1271,.370,151,512,.295,236,351,.672,194,699,229,164,80,309,449
Cincinnati,20,12,8,.600,13.59,5.59,,2,7,,8,3,,3,5,,1420,1260,,800,539,1203,.448,149,470,.317,193,299,.645,233,717,283,149,97,196,277
Clemson,21,17,4,.810,16.71,5.85,,9,1,,11,1,,4,3,,1625,1397,,855,579,1238,.468,193,496,.389,274,354,.774,232,733,307,155,69,221,320
Cleveland State,22,16,6,.727,-1.46,-4.30,,10,1,,11,2,,5,4,,1639,1425,,880,601,1322,.455,143,429,.333,294,411,.715,279,763,313,208,105,255,388
Coastal Carolina,21,8,13,.381,-12.20,-6.57,,1,8,,5,4,,2,9,,1424,1484,,845,493,1138,.433,155,461,.336,283,402,.704,210,775,243,79,33,259,372
Colgate,21,9,12,.429,-5.13,-3.78,,6,2,,6,2,,3,8,,1488,1482,,840,551,1201,.459,187,528,.354,199,282,.706,166,689,295,134,50,241,315
College of Charleston,21,16,5,.762,1.98,-1.27,,6,2,,8,2,,5,2,,1649,1561,,850,572,1269,.451,174,499,.349,331,436,.759,196,768,336,142,41,249,337
Colorado,20,9,11,.450,8.53,8.33,,0,9,,8,5,,0,4,,1451,1447,,810,500,1094,.457,138,402,.343,313,412,.760,184,698,302,154,74,299,323
Colorado State,21,14,7,.667,9.65,3.32,,8,2,,9,2,,4,2,,1557,1424,,855,562,1198,.469,170,520,.327,261,333,.784,170,751,357,100,63,252,368
Columbia,17,11,6,.647,-4.19,-6.79,,0,4,,8,2,,3,4,,1380,1246,,680,496,1012,.490,162,431,.376,226,301,.751,167,604,310,140,38,195,257
Connecticut,20,14,6,.700,17.15,5.70,,6,3,,9,1,,4,2,,1608,1379,,815,576,1169,.493,185,510,.363,271,347,.781,209,692,383,113,136,205,385


Coppin State,20,3,17,.150,-21.53,-2.00,,1,4,,3,3,,0,14,,1210,1555,,800,421,1099,.383,96,345,.278,272,406,.670,200,608,212,164,26,295,356
Cornell,17,11,6,.647,0.81,-3.59,,3,1,,4,4,,7,2,,1470,1311,,680,530,1030,.515,184,491,.375,226,304,.743,153,592,335,113,60,215,276
Creighton,20,14,6,.700,16.63,9.38,,7,2,,10,1,,3,3,,1510,1365,,800,536,1125,.476,196,560,.350,242,321,.754,158,747,340,82,99,258,208
Dartmouth,17,8,9,.471,-9.33,-5.99,,2,2,,5,3,,3,6,,1340,1255,,685,456,1046,.436,180,494,.364,248,337,.736,160,627,269,100,40,192,268
Davidson,20,13,7,.650,2.91,0.07,,3,4,,10,1,,2,4,,1517,1422,,800,545,1156,.471,170,471,.361,257,357,.720,162,679,316,115,43,189,301
Dayton,21,14,7,.667,9.64,4.84,,4,4,,12,1,,1,3,,1575,1458,,845,548,1158,.473,167,459,.364,312,435,.717,192,708,340,141,71,213,313
Delaware,21,11,10,.524,-6.49,-4.91,,4,4,,7,2,,3,7,,1635,1621,,840,568,1219,.466,189,504,.375,310,396,.783,157,701,297,128,71,250,353
Delaware State,20,10,10,.500,-12.81,-5.56,,2,3,,6,1,,2,9,,1528,1430,,800,570,1255,.454,100,285,.351,288,394,.731,259,756,278,156,58,242,357
Denver,22,7,15,.318,-13.29,-2.97,,1,6,,5,4,,2,9,,1604,1753,,895,559,1272,.439,172,491,.350,314,427,.735,196,663,265,149,46,268,488
DePaul,21,10,11,.476,5.16,4.16,,1,9,,9,5,,1,6,,1582,1561,,860,553,1238,.447,211,584,.361,265,376,.705,213,755,349,122,71,266,346
Detroit Mercy,22,6,16,.273,-12.83,-1.69,,2,9,,4,4,,2,10,,1451,1646,,895,528,1317,.401,120,359,.334,275,378,.728,273,839,230,131,49,276,411
Drake,20,18,2,.900,8.36,-0.59,,8,2,,10,1,,5,1,,1428,1160,,810,495,1016,.487,136,384,.354,302,426,.709,210,626,278,183,51,234,312
Drexel,21,12,9,.571,-3.51,-5.31,,4,4,,4,5,,6,3,,1456,1368,,845,550,1210,.455,156,456,.342,200,290,.690,239,793,273,106,93,262,302
Duke,20,18,2,.900,28.84,8.39,,10,0,,12,0,,6,0,,1600,1191,,800,556,1172,.474,201,553,.363,287,375,.765,229,799,336,132,75,207,317
Duquesne,20,9,11,.450,1.21,0.84,,4,3,,6,5,,1,3,,1377,1322,,805,497,1149,.433,170,479,.355,213,333,.640,235,695,281,133,90,237,352
East Carolina,21,12,9,.571,0.95,-0.32,,4,4,,8,5,,2,3,,1583,1495,,855,557,1293,.431,137,452,.303,332,473,.702,294,818,264,164,93,239,333
East Tennessee State,21,12,9,.571,0.36,-5.06,,5,3,,9,3,,3,6,,1560,1408,,840,562,1282,.438,189,541,.349,247,385,.642,290,802,294,169,78,246,370
East Texas A&M,21,2,19,.095,-13.59,-0.59,,0,10,,2,6,,0,13,,1343,1616,,845,485,1167,.416,170,566,.300,203,331,.613,218,660,277,175,74,345,360
Eastern Illinois,21,6,15,.286,-14.16,-3.33,,2,8,,5,5,,0,10,,1429,1514,,850,523,1226,.427,113,354,.319,270,419,.644,237,733,245,182,62,269,397
Eastern Kentucky,21,10,11,.476,-5.75,-2.54,,4,4,,6,3,,3,6,,1619,1615,,855,571,1392,.410,189,586,.323,288,391,.737,312,809,264,193,79,223,357


Eastern Michigan,20,10,10,.500,-10.58,-4.63,,4,4,,5,3,,4,7,,1485,1573,,805,526,1137,.463,154,437,.352,279,392,.712,192,641,262,138,60,264,366
Eastern Washington,21,6,15,.286,-6.74,0.53,,2,6,,5,4,,1,10,,1525,1593,,840,554,1210,.458,146,450,.324,271,360,.753,195,667,303,171,58,270,380
Elon,21,14,7,.667,-0.46,-3.88,,5,3,,8,1,,5,5,,1585,1421,,840,538,1206,.446,160,511,.313,349,481,.726,287,879,267,110,84,254,264
Evansville,21,7,14,.333,-7.19,0.31,,4,6,,5,6,,2,8,,1366,1469,,840,498,1160,.429,152,504,.302,218,324,.673,153,678,272,139,90,257,353
Fairfield,20,8,12,.400,-14.68,-7.00,,4,5,,5,4,,2,7,,1374,1471,,805,497,1228,.405,146,465,.314,234,324,.722,261,686,262,129,51,211,318
FDU,21,8,13,.381,-12.36,-4.75,,4,2,,4,3,,4,10,,1589,1593,,851,558,1269,.440,180,523,.344,293,418,.701,215,717,291,137,64,241,346
Florida,20,18,2,.900,26.09,6.24,,5,2,,10,1,,3,1,,1705,1308,,800,613,1304,.470,186,542,.343,293,409,.716,305,885,310,167,99,220,328
Florida A&M,18,7,11,.389,-15.57,-0.69,,4,3,,5,1,,2,10,,1275,1399,,721,436,1025,.425,164,482,.340,239,343,.697,183,623,223,100,65,271,319
Florida Atlantic,20,10,10,.500,3.48,3.59,,3,4,,4,3,,3,5,,1597,1549,,815,573,1254,.457,172,507,.339,279,400,.698,226,738,326,146,72,237,350
Florida Gulf Coast,21,11,10,.524,-0.66,-2.46,,6,2,,7,3,,4,7,,1484,1431,,840,563,1207,.466,176,502,.351,182,266,.684,186,706,293,122,47,228,314
Florida International,20,7,13,.350,-5.62,-2.46,,1,6,,5,6,,1,6,,1441,1436,,805,524,1180,.444,104,351,.296,289,403,.717,233,714,265,180,98,282,349
Florida State,20,13,7,.650,11.36,4.46,,4,5,,8,2,,1,5,,1556,1418,,805,545,1175,.464,129,397,.325,337,469,.719,215,706,285,172,106,248,387
Fordham,20,9,11,.450,-4.46,-0.30,,1,6,,7,4,,1,5,,1503,1542,,815,514,1217,.422,165,502,.329,310,426,.728,234,736,279,159,69,278,360
Fresno State,21,5,16,.238,-5.64,3.65,,1,9,,4,5,,1,9,,1519,1714,,860,524,1292,.406,146,470,.311,325,475,.684,215,744,238,161,63,271,343
Furman,21,16,5,.762,-1.43,-3.04,,4,4,,8,2,,7,3,,1617,1429,,845,566,1241,.456,221,628,.352,264,390,.677,234,778,362,134,71,233,327
Gardner-Webb,20,8,12,.400,-6.34,-2.54,,3,4,,4,3,,2,9,,1460,1536,,800,526,1139,.462,132,386,.342,276,408,.676,230,739,225,104,76,306,371
George Mason,20,15,5,.750,8.98,-0.28,,6,1,,12,1,,3,4,,1474,1253,,820,499,1068,.467,134,399,.336,342,478,.715,216,781,267,136,64,273,323
George Washington,20,14,6,.700,2.13,-4.50,,3,4,,10,1,,2,4,,1526,1360,,815,519,1165,.445,152,491,.310,334,473,.706,225,730,288,191,65,243,311
Georgetown,21,13,8,.619,8.55,2.98,,4,6,,10,4,,3,4,,1484,1367,,840,559,1246,.449,138,436,.317,228,320,.713,250,776,304,170,91,278,321
Georgia,21,15,6,.714,16.88,6.93,,3,5,,12,1,,1,4,,1598,1389,,840,553,1176,.470,142,430,.330,350,486,.720,253,786,275,169,114,288,344


Georgia Southern,21,11,10,.524,-8.76,-4.86,,4,5,,7,2,,3,7,,1558,1626,,855,559,1319,.424,189,568,.333,251,381,.659,267,778,266,173,86,295,431
Georgia State,21,7,14,.333,-9.74,-0.04,,3,6,,6,6,,0,7,,1530,1684,,845,550,1299,.423,146,458,.319,284,418,.679,275,812,260,111,54,262,336
Georgia Tech,21,9,12,.429,5.24,4.19,,3,7,,9,5,,0,6,,1562,1540,,840,561,1264,.444,158,465,.340,282,417,.676,217,772,324,132,80,253,357
Gonzaga,22,16,6,.727,23.92,5.92,,7,2,,10,1,,4,1,,1971,1575,,895,715,1424,.502,183,499,.367,358,446,.803,260,870,437,169,68,218,362
Grambling,20,6,14,.300,-13.20,-3.32,,3,4,,4,2,,2,10,,1372,1419,,805,493,1111,.444,134,378,.354,252,357,.706,169,679,240,126,72,271,332
Grand Canyon,20,15,5,.750,7.38,-2.10,,5,1,,11,1,,2,2,,1590,1362,,800,529,1188,.445,136,412,.330,396,536,.739,228,760,287,197,95,252,336
Green Bay,22,2,20,.091,-13.46,-1.32,,0,11,,1,9,,1,11,,1519,1776,,880,513,1155,.444,182,544,.335,311,391,.795,115,627,301,106,47,295,382
Hampton,21,10,11,.476,-7.25,-2.41,,3,6,,6,3,,3,6,,1542,1511,,840,542,1299,.417,158,489,.323,298,407,.732,287,777,268,159,72,233,395
Harvard,17,6,11,.353,-9.36,-3.61,,1,3,,3,4,,3,7,,1138,1224,,680,413,957,.432,127,403,.315,185,249,.743,155,558,224,121,52,214,248
Hawaii,20,12,8,.600,-0.20,-0.48,,4,5,,10,4,,2,4,,1447,1403,,810,492,1068,.461,132,403,.328,331,455,.727,208,721,246,74,52,262,353
High Point,23,18,5,.783,4.14,-5.48,,6,2,,12,1,,3,3,,1855,1554,,920,630,1303,.483,198,542,.365,397,517,.768,256,831,301,139,70,241,414
Hofstra,21,11,10,.524,-1.59,0.05,,3,5,,5,4,,3,5,,1421,1357,,860,507,1173,.432,176,514,.342,231,312,.740,165,754,290,123,87,254,370
Holy Cross,22,11,11,.500,-12.09,-6.44,,3,6,,5,3,,4,8,,1525,1563,,880,565,1234,.458,201,517,.389,194,262,.740,157,703,276,112,55,253,294
Houston,19,16,3,.842,30.12,9.06,,8,0,,11,0,,4,0,,1457,1057,,780,535,1165,.459,161,408,.395,226,313,.722,251,726,255,161,105,166,318
Houston Christian,21,10,11,.476,-6.16,-1.06,,7,3,,6,5,,4,6,,1432,1482,,840,491,1158,.424,160,500,.320,290,401,.723,205,674,225,171,66,257,296
Howard,20,8,12,.400,-9.78,-2.60,,3,1,,6,4,,1,7,,1577,1606,,805,551,1155,.477,177,444,.399,298,399,.747,188,670,346,108,48,290,365
Idaho,21,9,12,.429,-5.81,-1.49,,4,4,,6,4,,3,7,,1559,1564,,840,545,1207,.452,194,551,.352,275,388,.709,220,705,277,134,56,249,386
Idaho State,18,8,10,.444,-3.58,-1.92,,3,4,,6,2,,2,8,,1333,1229,,725,466,1083,.430,132,416,.317,269,370,.727,273,720,254,111,91,214,307
Illinois,20,14,6,.700,25.02,8.72,,6,4,,9,3,,3,2,,1715,1389,,806,580,1302,.445,198,620,.319,357,472,.756,270,900,306,97,86,237,325
Illinois State,21,12,9,.571,2.48,-0.17,,4,6,,8,3,,3,4,,1600,1492,,845,553,1153,.480,217,552,.393,277,361,.767,167,698,298,114,28,226,340


Illinois-Chicago,20,13,7,.650,1.77,1.05,,6,4,,6,3,,6,2,,1601,1482,,820,569,1197,.475,172,477,.361,291,414,.703,229,765,330,130,57,258,368
Incarnate Word,21,10,11,.476,-8.00,-5.65,,3,7,,7,4,,2,7,,1597,1474,,840,601,1241,.484,174,454,.383,221,322,.686,237,732,274,149,82,248,352
Indiana,21,14,7,.667,12.74,8.74,,5,5,,11,2,,2,3,,1620,1536,,845,587,1266,.464,132,407,.324,314,434,.724,240,799,344,123,78,256,354
Indiana State,21,9,12,.429,-5.69,-0.80,,3,7,,4,5,,3,5,,1680,1680,,850,582,1247,.467,211,627,.337,305,413,.738,199,765,328,160,45,321,383
Iona,20,8,12,.400,-9.55,-6.25,,5,4,,4,5,,3,5,,1358,1424,,800,490,1216,.403,126,411,.307,252,374,.674,310,741,263,206,54,313,366
Iowa,21,13,8,.619,13.24,6.05,,4,6,,11,2,,0,5,,1800,1649,,845,664,1328,.500,214,555,.386,258,378,.683,180,678,402,162,100,215,308
Iowa State,20,17,3,.850,24.95,7.75,,7,2,,11,0,,4,2,,1683,1339,,810,592,1204,.492,144,415,.347,355,473,.751,222,749,312,197,71,216,308
IU Indy,22,7,15,.318,-10.13,-4.29,,3,8,,5,5,,2,8,,1654,1610,,880,544,1271,.428,231,623,.371,335,443,.756,255,775,305,136,48,254,398
Jackson State,20,5,15,.250,-11.63,1.97,,5,2,,3,1,,2,13,,1347,1619,,815,449,1185,.379,135,423,.319,314,433,.725,226,702,199,155,62,308,357
Jacksonville,20,13,7,.650,-1.13,-1.19,,7,1,,7,1,,5,5,,1440,1405,,805,520,1190,.437,153,428,.357,247,354,.698,254,742,276,164,96,293,345
Jacksonville State,20,13,7,.650,0.58,-0.54,,5,2,,7,0,,5,5,,1539,1385,,800,548,1187,.462,157,431,.364,286,370,.773,229,810,253,81,63,198,250
James Madison,21,12,9,.571,0.19,0.35,,5,4,,8,2,,2,6,,1541,1464,,840,547,1226,.446,185,529,.350,262,355,.738,232,777,259,129,67,252,331
Kansas,20,15,5,.750,23.28,11.68,,6,3,,10,2,,3,3,,1551,1319,,810,599,1252,.478,140,409,.342,213,291,.732,219,793,361,130,98,220,284
Kansas City,22,10,12,.455,-4.87,-1.54,,2,5,,7,3,,2,7,,1639,1455,,880,551,1273,.433,209,596,.351,328,423,.775,261,786,281,180,60,264,367
Kansas State,19,8,11,.421,7.69,6.22,,2,6,,6,4,,0,6,,1380,1352,,765,501,1111,.451,158,469,.337,220,324,.679,202,639,310,136,68,229,292
Kennesaw State,20,12,8,.600,-0.85,0.80,,4,3,,9,0,,2,6,,1578,1487,,810,541,1269,.426,174,583,.298,322,457,.705,285,860,270,133,89,281,372
Kent State,20,13,7,.650,0.57,-3.15,,4,4,,6,3,,5,3,,1399,1283,,800,508,1217,.417,142,492,.289,241,330,.730,263,726,254,155,67,228,372
Kentucky,20,15,5,.750,22.89,11.14,,4,3,,11,1,,2,3,,1752,1517,,805,614,1267,.485,204,545,.374,320,436,.734,224,814,361,135,94,210,347
La Salle,20,11,9,.550,-1.40,0.70,,3,4,,8,1,,2,5,,1505,1485,,805,544,1285,.423,146,442,.330,271,379,.715,248,772,250,151,70,222,319
Lafayette,21,8,13,.381,-10.96,-7.36,,3,5,,6,3,,2,10,,1441,1467,,852,514,1202,.428,165,483,.342,248,365,.679,197,700,305,132,79,231,343


Lamar,21,12,9,.571,-3.59,-2.37,,7,3,,7,3,,5,4,,1513,1413,,845,559,1287,.434,147,416,.353,248,365,.679,280,812,337,158,108,264,330
Le Moyne,21,7,14,.333,-16.93,-5.82,,2,4,,4,5,,2,9,,1570,1692,,865,545,1219,.447,167,508,.329,313,445,.703,198,726,312,144,53,293,419
Lehigh,19,7,12,.368,-9.60,-4.25,,2,6,,6,2,,1,10,,1336,1360,,765,481,1075,.447,153,419,.365,221,321,.688,138,597,262,115,36,213,309
Liberty,20,16,4,.800,7.97,-2.38,,4,3,,8,2,,4,1,,1571,1228,,805,574,1155,.497,207,545,.380,216,331,.653,149,690,341,148,56,207,255
Lindenwood,21,9,12,.429,-13.96,-5.19,,4,6,,8,2,,0,9,,1495,1482,,845,543,1249,.435,123,424,.290,286,428,.668,233,749,254,187,79,270,328
Lipscomb,21,14,7,.667,6.21,-3.16,,6,2,,7,2,,7,5,,1648,1380,,840,595,1263,.471,187,565,.331,271,358,.757,198,779,339,165,69,220,271
Little Rock,21,13,8,.619,-5.54,-5.80,,7,3,,6,2,,7,5,,1435,1387,,845,526,1201,.438,137,384,.357,246,352,.699,216,742,296,177,117,302,367
Long Beach State,21,7,14,.333,-10.36,-0.31,,3,6,,3,5,,4,6,,1417,1537,,840,489,1094,.447,142,397,.358,297,397,.748,197,670,242,130,65,311,379
Long Island University,23,10,13,.435,-11.72,-7.57,,6,2,,6,3,,4,8,,1588,1565,,940,590,1349,.437,144,459,.314,264,379,.697,265,818,289,181,73,301,453
Longwood,22,16,6,.727,-2.05,-4.84,,5,2,,11,1,,4,3,,1730,1556,,880,577,1265,.456,145,448,.324,431,583,.739,261,783,295,172,45,267,408
Louisiana,21,6,15,.286,-11.67,-0.87,,4,5,,4,9,,2,3,,1386,1585,,840,489,1222,.400,140,468,.299,268,367,.730,207,647,224,155,65,223,369
Louisiana State,19,12,7,.632,13.12,3.96,,1,5,,10,1,,1,4,,1507,1333,,775,529,1145,.462,148,480,.308,301,392,.768,223,746,263,149,103,265,314
Louisiana Tech,21,15,6,.714,2.50,-0.66,,4,4,,9,1,,2,5,,1604,1434,,845,572,1188,.481,166,490,.339,294,393,.748,215,788,344,136,94,272,301
Louisiana-Monroe,22,5,17,.227,-13.58,-4.88,,1,8,,4,8,,1,8,,1540,1602,,885,550,1341,.410,155,481,.322,285,404,.705,261,826,297,177,52,265,323
Louisville,21,16,5,.762,19.36,9.60,,9,1,,9,3,,5,1,,1659,1454,,845,556,1275,.436,208,658,.316,339,459,.739,264,805,301,140,65,231,336
Loyola (IL),19,12,7,.632,0.50,-2.22,,3,3,,10,1,,2,2,,1437,1336,,765,511,1089,.469,153,432,.354,262,397,.660,199,663,307,125,75,236,350
Loyola (MD),19,8,11,.421,-12.13,-8.46,,3,5,,4,5,,4,6,,1325,1350,,760,478,1100,.435,126,412,.306,243,334,.728,204,653,261,138,53,235,298
Loyola Marymount,20,12,8,.600,1.71,4.02,,4,4,,9,3,,1,5,,1403,1404,,800,508,1175,.432,160,486,.329,227,327,.694,171,690,275,106,75,218,325
Maine,21,13,8,.619,-5.16,-6.53,,5,1,,5,1,,6,7,,1536,1407,,845,570,1215,.469,140,395,.354,256,334,.766,164,644,314,200,59,232,322
Manhattan,18,9,9,.500,-9.78,-7.60,,4,5,,4,4,,5,5,,1363,1383,,740,475,1089,.436,156,452,.345,257,341,.754,216,660,265,111,46,219,265


Marist,18,15,3,.833,-6.43,-11.32,,8,1,,8,1,,7,2,,1232,1144,,735,471,1021,.461,129,383,.337,161,233,.691,164,632,256,118,64,219,265
Marquette,21,18,3,.857,20.78,8.54,,9,1,,11,1,,6,2,,1663,1406,,845,597,1323,.451,201,612,.328,268,361,.742,230,712,306,214,82,187,329
Marshall,22,13,9,.591,-1.89,-3.64,,6,3,,10,2,,3,7,,1663,1565,,880,575,1307,.440,170,541,.314,343,495,.693,273,820,312,158,107,266,437
Maryland,21,16,5,.762,22.06,4.10,,6,4,,12,1,,2,4,,1751,1374,,846,640,1312,.488,172,471,.365,299,400,.748,233,778,326,169,95,219,334
Maryland-Baltimore County,21,11,10,.524,-8.41,-7.69,,3,3,,6,5,,5,5,,1727,1606,,860,624,1279,.488,185,482,.384,294,414,.710,174,714,322,163,64,243,331
Maryland-Eastern Shore,20,4,16,.200,-20.96,1.23,,0,4,,4,2,,0,14,,1370,1608,,800,490,1139,.430,129,408,.316,261,398,.656,190,663,228,98,37,272,338
Massachusetts,20,9,11,.450,-1.07,0.09,,4,3,,7,4,,2,3,,1525,1513,,820,542,1282,.423,114,403,.283,327,490,.667,275,800,271,158,121,242,387
Massachusetts-Lowell,21,14,7,.667,-4.87,-5.32,,3,3,,12,2,,2,5,,1727,1546,,845,600,1210,.496,145,413,.351,382,483,.791,178,778,328,123,92,261,286
McNeese State,21,16,5,.762,10.39,0.33,,10,0,,8,1,,6,1,,1639,1360,,840,582,1211,.481,161,469,.343,314,438,.717,249,755,295,201,66,238,356
Memphis,20,16,4,.800,15.14,9.39,,6,1,,8,2,,5,1,,1579,1464,,810,534,1129,.473,157,397,.395,354,492,.720,214,700,264,153,84,293,359
Mercer,21,10,11,.476,-7.07,-4.28,,3,5,,5,3,,4,7,,1669,1593,,855,608,1368,.444,187,569,.329,266,397,.670,244,807,299,198,54,256,365
Mercyhurst,23,10,13,.435,-16.53,-7.53,,4,4,,7,2,,3,11,,1525,1600,,935,533,1263,.422,151,446,.339,308,388,.794,181,619,299,173,54,253,387
Merrimack,20,11,9,.550,-3.33,-3.28,,8,1,,5,1,,6,7,,1291,1292,,800,469,1098,.427,161,463,.348,192,260,.738,131,568,234,166,71,196,321
Miami (FL),20,4,16,.200,-0.64,4.31,,0,9,,4,7,,0,5,,1513,1612,,810,552,1197,.461,152,474,.321,257,332,.774,194,648,259,124,69,217,297
Miami (OH),20,15,5,.750,-1.64,-5.37,,7,1,,9,1,,4,4,,1655,1463,,800,603,1209,.499,210,529,.397,239,324,.738,186,668,317,172,70,241,348
Michigan,20,15,5,.750,21.94,9.44,,7,2,,10,0,,3,2,,1663,1413,,810,583,1169,.499,193,521,.370,304,421,.722,223,766,358,121,84,294,345
Michigan State,20,18,2,.900,21.38,7.33,,9,0,,11,0,,4,0,,1625,1344,,805,566,1194,.474,112,388,.289,381,469,.812,244,817,369,114,106,240,330
Middle Tennessee,20,14,6,.700,4.10,1.77,,5,2,,8,1,,4,4,,1552,1416,,805,568,1236,.460,148,456,.325,268,397,.675,236,768,244,153,85,224,359
Milwaukee,22,15,7,.682,1.64,-3.01,,8,3,,9,1,,5,6,,1740,1556,,880,628,1337,.470,134,426,.315,350,520,.673,330,897,295,168,71,297,385
Minnesota,21,11,10,.524,7.78,7.83,,3,7,,10,4,,1,4,,1446,1447,,860,530,1193,.444,141,436,.323,245,384,.638,218,719,334,120,105,219,357


Mississippi,20,15,5,.750,18.70,7.30,,4,3,,9,1,,3,3,,1556,1328,,810,542,1212,.447,180,514,.350,292,400,.730,191,686,313,202,92,191,352
Mississippi State,20,16,4,.800,19.23,8.08,,4,3,,8,1,,4,2,,1613,1390,,810,582,1271,.458,171,533,.321,278,398,.698,268,776,315,192,89,209,334
Mississippi Valley State,21,2,19,.095,-33.05,1.27,,0,8,,2,4,,0,15,,1112,1727,,840,413,1074,.385,84,308,.273,202,301,.671,173,585,167,136,41,354,349
Missouri,20,16,4,.800,18.61,4.41,,5,2,,15,0,,1,3,,1663,1379,,800,539,1118,.482,174,467,.373,411,572,.719,216,698,273,202,61,221,334
Missouri State,21,7,14,.333,-4.87,0.55,,0,10,,5,5,,1,7,,1462,1524,,870,509,1157,.440,157,432,.363,287,430,.667,230,694,254,157,45,276,383
Monmouth,21,5,16,.238,-9.96,-1.72,,3,5,,3,1,,2,12,,1428,1601,,840,483,1226,.394,145,422,.344,317,432,.734,238,725,229,127,82,252,403
Montana,21,13,8,.619,-4.75,1.19,,6,2,,10,1,,3,7,,1569,1566,,840,570,1198,.476,148,455,.325,281,395,.711,170,679,283,138,74,238,330
Montana State,21,8,13,.381,-2.31,-0.81,,3,5,,6,2,,2,11,,1508,1480,,845,538,1199,.449,180,526,.342,252,347,.726,158,665,277,139,67,216,347
Morehead State,22,14,8,.636,-10.44,-6.17,,9,2,,9,0,,5,7,,1509,1495,,885,536,1235,.434,133,413,.322,304,464,.655,250,830,272,124,66,261,340
Morgan State,21,9,12,.429,-15.30,-5.54,,3,2,,9,3,,0,9,,1723,1730,,850,654,1322,.495,102,283,.360,313,439,.713,250,773,282,154,98,293,403
Mount St. Mary's,20,11,9,.550,-10.50,-6.13,,4,5,,6,3,,5,6,,1414,1461,,815,493,1152,.428,152,471,.323,276,379,.728,213,737,302,139,58,304,331
Murray State,21,11,10,.524,1.32,0.62,,5,5,,5,4,,4,4,,1566,1476,,865,526,1154,.456,162,450,.360,352,501,.703,197,704,264,148,65,252,364
Navy,21,7,14,.333,-10.12,-7.87,,4,4,,5,4,,2,8,,1485,1479,,840,523,1244,.420,162,487,.333,277,381,.727,250,781,289,121,56,237,347
NC State,20,9,11,.450,8.20,5.20,,2,7,,9,4,,0,5,,1408,1348,,805,507,1148,.442,118,376,.314,276,387,.713,210,645,255,138,84,190,328
Nebraska,20,12,8,.600,12.08,7.73,,2,7,,8,2,,2,5,,1507,1420,,805,524,1145,.458,148,446,.332,311,418,.744,186,723,276,156,58,244,311
Nevada,20,11,9,.550,10.58,5.43,,3,6,,8,4,,1,4,,1466,1363,,809,515,1084,.475,152,405,.375,284,413,.688,202,689,317,128,67,225,342
Nevada-Las Vegas,20,11,9,.550,6.47,5.52,,5,4,,9,3,,2,4,,1425,1406,,800,503,1118,.450,141,389,.362,278,392,.709,192,653,252,137,75,208,314
New Hampshire,22,4,18,.182,-20.47,-6.37,,2,5,,3,6,,1,10,,1470,1708,,880,529,1278,.414,174,515,.338,238,357,.667,228,777,253,115,54,307,368
New Mexico,21,17,4,.810,13.90,4.90,,9,1,,11,1,,4,2,,1752,1520,,850,631,1369,.461,153,440,.348,337,490,.688,267,848,347,192,112,247,382
New Mexico State,20,11,9,.550,0.37,0.89,,4,3,,7,3,,4,4,,1441,1344,,805,517,1207,.428,159,465,.342,248,369,.672,243,763,255,128,45,242,388


New Orleans,21,4,17,.190,-14.75,1.21,,2,8,,0,6,,3,10,,1416,1751,,845,500,1242,.403,129,411,.314,287,435,.660,237,717,263,162,51,277,333
Niagara,20,7,13,.350,-12.37,-7.69,,2,7,,5,4,,0,9,,1361,1415,,810,483,1080,.447,169,483,.350,226,308,.734,154,620,260,127,45,241,314
Nicholls State,21,12,9,.571,-3.57,-0.96,,6,4,,6,3,,6,6,,1557,1467,,840,561,1312,.428,156,468,.333,279,404,.691,255,793,243,178,91,229,370
NJIT,21,4,17,.190,-17.70,-6.60,,1,5,,3,5,,0,12,,1304,1470,,840,468,1188,.394,124,440,.282,244,335,.728,221,747,210,99,89,266,389
Norfolk State,22,14,8,.636,-1.32,-3.95,,4,1,,7,1,,5,7,,1703,1491,,880,608,1242,.490,134,388,.345,353,464,.761,211,756,300,155,60,269,396
North Alabama,21,14,7,.667,0.81,-3.72,,6,2,,9,1,,4,6,,1660,1507,,850,605,1337,.453,168,503,.334,282,388,.727,265,799,270,162,66,200,313
North Carolina,22,13,9,.591,16.23,10.77,,6,4,,8,2,,3,4,,1797,1677,,890,637,1358,.469,160,498,.321,363,485,.748,211,831,318,139,84,243,397
North Carolina A&T,22,4,18,.182,-12.95,-4.14,,0,9,,3,7,,1,11,,1625,1758,,880,578,1409,.410,160,509,.314,309,451,.685,244,806,251,137,73,208,358
North Carolina Central,22,10,12,.455,-11.14,-5.92,,3,2,,7,3,,2,8,,1772,1626,,890,628,1359,.462,164,476,.345,352,503,.700,304,759,354,209,49,285,453
North Dakota,23,8,15,.348,-8.24,-0.79,,2,6,,5,5,,2,8,,1789,1835,,920,627,1481,.423,192,615,.312,343,486,.706,335,895,274,133,54,256,371
North Dakota State,22,16,6,.727,4.60,-3.13,,5,2,,8,3,,6,3,,1816,1596,,886,600,1247,.481,270,666,.405,346,455,.760,208,792,344,71,44,223,340
North Florida,21,10,11,.476,-6.87,-1.24,,3,5,,5,4,,5,7,,1763,1789,,845,634,1408,.450,265,745,.356,230,347,.663,240,756,334,125,59,223,394
North Texas,19,15,4,.789,10.94,1.82,,6,1,,11,0,,3,3,,1332,1128,,760,448,978,.458,138,369,.374,298,391,.762,199,626,197,158,47,201,279
Northeastern,21,11,10,.524,-3.60,-3.65,,3,5,,5,3,,4,6,,1476,1475,,840,554,1219,.454,136,402,.338,232,347,.669,232,747,277,156,98,278,344
Northern Arizona,21,13,8,.619,-5.76,-5.70,,4,4,,8,2,,5,5,,1650,1481,,841,610,1320,.462,176,507,.347,254,385,.660,263,838,343,128,39,216,339
Northern Colorado,21,15,6,.714,0.18,-1.88,,7,1,,9,1,,5,5,,1709,1553,,855,628,1238,.507,167,483,.346,286,390,.733,177,723,352,136,54,233,376
Northern Illinois,20,5,15,.250,-17.87,-2.81,,1,7,,5,5,,0,10,,1415,1517,,800,487,1193,.408,183,548,.334,258,372,.694,159,661,255,131,70,227,388
Northern Iowa,21,13,8,.619,5.41,-0.99,,7,3,,10,2,,3,3,,1591,1421,,840,571,1140,.501,150,407,.369,299,418,.715,166,690,297,137,64,219,307
Northern Kentucky,21,9,12,.429,-5.83,-1.31,,4,6,,8,5,,1,7,,1446,1487,,860,516,1221,.423,157,491,.320,257,394,.652,247,725,293,171,71,276,330
Northwestern,20,12,8,.600,14.70,9.40,,3,6,,10,1,,0,6,,1484,1378,,820,533,1200,.444,133,401,.332,285,396,.720,223,688,294,163,73,201,355


Northwestern State,20,9,11,.450,-5.28,0.44,,6,4,,6,3,,3,8,,1353,1405,,810,484,1134,.427,128,386,.332,257,368,.698,238,716,261,134,99,252,303
Notre Dame,20,10,10,.500,9.01,4.76,,4,5,,8,2,,2,5,,1493,1408,,805,535,1144,.468,165,435,.379,258,342,.754,198,711,244,107,34,208,311
Oakland,22,9,13,.409,-2.14,2.44,,6,5,,5,2,,3,9,,1455,1528,,890,536,1281,.418,157,552,.284,226,337,.671,284,758,246,150,70,251,334
Ohio,20,11,9,.550,-1.56,-3.98,,5,3,,8,1,,2,6,,1609,1512,,805,569,1206,.472,175,492,.356,296,394,.751,175,683,296,152,71,232,347
Ohio State,20,12,8,.600,19.77,10.92,,4,5,,8,4,,2,3,,1597,1420,,820,563,1166,.483,162,433,.374,309,421,.734,182,706,277,132,77,230,391
Oklahoma,20,15,5,.750,14.50,5.80,,2,5,,9,2,,1,3,,1587,1413,,800,539,1117,.483,179,481,.372,330,413,.799,170,645,293,174,57,240,355
Oklahoma State,19,10,9,.526,5.24,6.45,,2,6,,7,2,,2,4,,1390,1413,,760,461,1086,.424,124,380,.326,344,474,.726,232,682,235,165,49,255,372
Old Dominion,21,9,12,.429,-10.17,-3.22,,5,4,,6,7,,3,2,,1424,1502,,850,512,1279,.400,120,440,.273,280,408,.686,303,830,230,109,69,252,361
Omaha,22,13,9,.591,-3.41,-2.16,,7,0,,6,2,,6,6,,1649,1628,,880,570,1265,.451,183,501,.365,326,461,.707,215,773,273,138,49,251,413
Oral Roberts,20,5,15,.250,-12.22,0.47,,1,6,,5,5,,0,10,,1504,1579,,800,509,1138,.447,191,519,.368,295,396,.745,178,630,220,108,38,244,349
Oregon,20,16,4,.800,18.04,10.44,,5,4,,8,3,,4,1,,1558,1406,,805,540,1161,.465,154,450,.342,324,429,.755,200,722,297,144,74,232,333
Oregon State,23,16,7,.696,12.10,2.60,,6,4,,13,1,,1,5,,1783,1538,,935,624,1267,.493,174,464,.375,361,460,.785,211,778,349,170,80,261,361
Pacific,23,6,17,.261,-7.72,1.47,,1,8,,3,7,,1,10,,1622,1735,,930,581,1341,.433,151,510,.296,309,430,.719,247,824,308,130,65,290,434
Penn State,21,13,8,.619,15.75,4.70,,3,7,,10,2,,1,5,,1747,1515,,840,616,1262,.488,153,441,.347,362,477,.759,216,738,354,190,87,253,350
Pennsylvania,17,6,11,.353,-10.03,-2.68,,2,2,,4,4,,2,6,,1145,1270,,680,398,964,.413,143,440,.325,206,300,.687,170,573,230,81,32,200,267
Pepperdine,21,8,13,.381,-1.24,2.56,,2,6,,6,5,,1,7,,1499,1513,,840,545,1225,.445,135,411,.328,274,382,.717,207,753,333,131,61,247,324
Pittsburgh,20,14,6,.700,18.01,8.81,,5,4,,10,2,,3,3,,1597,1413,,810,555,1180,.470,173,483,.358,314,399,.787,191,689,280,146,94,198,326
Portland,22,7,15,.318,-9.78,2.97,,2,7,,6,6,,1,6,,1577,1788,,900,536,1254,.427,179,534,.335,326,421,.774,188,752,328,112,73,307,341
Portland State,20,13,7,.650,-3.66,-4.37,,5,2,,8,1,,4,5,,1575,1397,,800,594,1225,.485,135,398,.339,252,396,.636,249,760,330,172,107,265,348
Prairie View,21,4,17,.190,-16.26,-3.56,,3,5,,2,3,,2,14,,1575,1808,,840,558,1244,.449,136,409,.333,323,451,.716,178,583,261,189,59,259,440


Presbyterian,22,9,13,.409,-8.39,-4.50,,2,5,,6,3,,1,10,,1660,1556,,890,599,1265,.474,170,453,.375,292,424,.689,231,762,302,143,70,248,387
Princeton,19,14,5,.737,-0.53,-2.36,,3,1,,6,2,,5,1,,1464,1376,,760,523,1163,.450,200,529,.378,218,318,.686,195,665,293,154,37,200,306
Providence,21,11,10,.524,8.30,5.78,,5,5,,9,2,,2,4,,1509,1456,,845,522,1185,.441,187,541,.346,278,395,.704,248,809,253,104,78,261,376
Purdue,21,16,5,.762,22.92,12.92,,8,2,,10,1,,4,2,,1628,1418,,840,574,1165,.493,170,443,.384,310,430,.721,193,689,360,143,42,227,313
Purdue Fort Wayne,22,15,7,.682,0.94,-3.97,,8,3,,9,0,,5,6,,1850,1649,,895,656,1354,.484,243,613,.396,295,384,.768,168,665,328,191,66,200,327
Queens (NC),21,12,9,.571,-5.47,-2.89,,5,3,,6,3,,5,6,,1595,1555,,840,561,1289,.435,197,599,.329,276,415,.665,262,813,343,147,112,282,359
Quinnipiac,20,12,8,.600,-4.30,-5.30,,8,1,,7,1,,5,7,,1431,1388,,805,514,1254,.410,139,491,.283,264,359,.735,252,780,250,181,98,245,332
Radford,22,14,8,.636,-3.30,-2.40,,4,3,,7,1,,5,7,,1641,1554,,885,558,1238,.451,166,459,.362,359,479,.749,269,820,259,135,78,261,382
Rhode Island,20,14,6,.700,3.61,-1.18,,3,5,,10,2,,1,4,,1569,1446,,815,528,1165,.453,150,439,.342,363,521,.697,218,791,285,115,69,262,332
Rice,21,11,10,.524,-1.82,-3.32,,2,6,,6,4,,3,4,,1471,1442,,850,482,1157,.417,153,472,.324,354,518,.683,265,824,247,100,68,270,387
Richmond,20,7,13,.350,-4.87,0.80,,2,5,,4,6,,1,6,,1365,1424,,815,448,1097,.408,154,528,.292,315,402,.784,131,656,235,125,43,204,368
Rider,20,7,13,.350,-13.11,-5.76,,3,6,,1,5,,6,8,,1302,1449,,800,472,1149,.411,105,358,.293,253,362,.699,238,696,242,112,56,233,279
Robert Morris,22,15,7,.682,-3.90,-5.43,,7,4,,10,2,,5,5,,1648,1588,,900,558,1303,.428,154,470,.328,378,519,.728,280,832,322,143,97,302,385
Rutgers,20,10,10,.500,9.83,8.58,,3,6,,8,3,,1,4,,1529,1504,,805,540,1213,.445,145,441,.329,304,435,.699,228,735,262,133,76,215,344
Sacramento State,20,6,14,.300,-12.73,-3.14,,2,5,,5,7,,1,7,,1338,1348,,800,462,1082,.427,170,520,.327,244,365,.668,198,697,271,122,70,266,384
Sacred Heart,20,8,12,.400,-10.04,-7.78,,4,5,,4,3,,3,8,,1515,1518,,800,541,1209,.447,191,513,.372,242,334,.725,226,721,312,144,52,248,317
Saint Francis (PA),22,8,14,.364,-13.66,-3.82,,3,5,,6,4,,2,10,,1560,1599,,890,584,1275,.458,184,537,.343,208,278,.748,188,744,329,136,56,288,332
Saint Joseph's,20,12,8,.600,7.99,0.89,,3,4,,7,4,,2,3,,1524,1382,,805,536,1196,.448,190,554,.343,262,355,.738,201,749,320,131,112,230,290
Saint Louis,21,13,8,.619,3.71,1.29,,6,2,,11,1,,2,5,,1567,1449,,840,551,1157,.476,193,570,.339,272,401,.678,163,752,321,136,64,266,320
Saint Mary's (CA),21,18,3,.857,17.14,2.99,,8,0,,11,1,,5,0,,1610,1287,,850,590,1275,.463,144,421,.342,286,409,.699,309,854,352,142,84,208,324


Saint Peter's,16,7,9,.438,-8.54,-6.34,,2,6,,2,4,,5,5,,1041,1009,,640,358,891,.402,122,349,.350,203,283,.717,216,603,181,114,54,235,328
Sam Houston,21,8,13,.381,-3.18,2.38,,1,7,,5,3,,2,9,,1619,1620,,845,564,1267,.445,187,481,.389,304,427,.712,252,757,288,141,54,262,381
Samford,21,17,4,.810,3.67,-3.27,,7,1,,11,1,,6,3,,1773,1543,,850,632,1330,.475,228,607,.376,281,389,.722,263,758,368,204,87,275,396
San Diego,22,4,18,.182,-7.12,2.60,,1,8,,4,9,,0,8,,1485,1684,,880,540,1327,.407,135,477,.283,270,371,.728,254,766,241,162,82,309,458
San Diego State,19,14,5,.737,15.14,8.42,,7,3,,7,3,,4,1,,1369,1197,,770,498,1135,.439,151,438,.345,220,325,.677,210,705,248,149,103,208,349
San Francisco,23,17,6,.739,9.59,1.59,,7,3,,13,0,,2,4,,1750,1558,,925,609,1312,.464,209,597,.350,323,466,.693,235,807,331,160,90,283,424
San Jose State,22,10,12,.455,1.88,3.33,,3,7,,5,5,,1,6,,1634,1589,,885,578,1272,.454,173,489,.354,305,402,.759,216,762,290,117,59,228,336
Santa Clara,22,14,8,.636,12.28,6.23,,6,3,,8,2,,3,4,,1776,1643,,895,632,1361,.464,223,632,.353,289,400,.723,262,841,360,145,68,270,373
Seattle,20,8,12,.400,-0.01,0.71,,3,3,,6,4,,2,7,,1456,1374,,800,483,1127,.429,147,432,.340,343,471,.728,218,704,243,148,58,237,345
Seton Hall,21,6,15,.286,0.34,5.53,,1,9,,4,7,,0,6,,1341,1450,,850,469,1153,.407,122,364,.335,281,419,.671,248,695,235,166,66,269,386
Siena,20,9,11,.450,-7.28,-5.73,,4,5,,5,3,,3,6,,1409,1440,,820,477,1120,.426,161,468,.344,294,406,.724,196,638,238,133,99,259,333
South Alabama,21,14,7,.667,2.11,-3.89,,6,3,,10,3,,4,4,,1526,1313,,850,532,1210,.440,204,604,.338,258,370,.697,205,738,331,204,58,198,275
South Carolina,21,10,11,.476,9.25,7.73,,0,8,,8,5,,1,5,,1478,1446,,850,496,1144,.434,144,442,.326,342,494,.692,229,755,279,122,65,276,337
South Carolina State,20,9,11,.450,-7.26,-6.20,,3,2,,4,2,,4,9,,1526,1417,,800,531,1155,.460,127,382,.332,337,495,.681,229,683,281,181,68,267,429
South Carolina Upstate,22,5,17,.227,-15.75,-1.38,,1,6,,4,5,,1,11,,1644,1821,,880,604,1316,.459,141,475,.297,295,427,.691,203,773,291,148,46,324,426
South Dakota,22,12,10,.545,-6.84,-3.47,,3,4,,10,1,,2,9,,1890,1839,,880,643,1389,.463,170,524,.324,434,616,.705,273,794,273,159,78,225,402
South Dakota State,22,14,8,.636,4.93,-0.65,,5,2,,10,0,,1,6,,1759,1574,,880,637,1333,.478,197,562,.351,288,381,.756,249,889,321,113,60,272,362
South Florida,21,11,10,.524,-1.80,-2.30,,4,4,,8,2,,1,6,,1591,1524,,840,568,1236,.460,163,486,.335,292,400,.730,209,715,311,173,66,238,351
Southeast Missouri State,21,11,10,.524,-6.56,-5.51,,6,4,,7,3,,4,6,,1536,1414,,845,566,1282,.441,153,475,.322,251,352,.713,192,715,289,171,71,224,386
Southeastern Louisiana,21,12,9,.571,-4.11,-4.27,,6,4,,4,2,,7,6,,1512,1437,,840,543,1201,.452,130,392,.332,296,398,.744,214,739,261,156,49,271,379


Southern,20,12,8,.600,-5.78,-4.13,,7,0,,6,0,,6,8,,1516,1367,,801,555,1257,.442,135,428,.315,271,414,.655,269,753,270,209,78,254,376
Southern California,20,12,8,.600,12.23,8.03,,4,5,,9,5,,3,1,,1540,1456,,800,546,1132,.482,132,379,.348,316,429,.737,167,642,320,129,54,232,351
Southern Illinois,22,10,12,.455,-1.91,1.24,,5,6,,5,4,,4,5,,1618,1632,,890,590,1290,.457,137,422,.325,301,442,.681,238,784,322,152,68,283,374
SIU Edwardsville,21,14,7,.667,-7.00,-7.44,,7,3,,9,1,,4,6,,1539,1396,,850,556,1285,.433,165,484,.341,262,395,.663,250,803,287,150,82,234,351
Southern Indiana,21,9,12,.429,-11.70,-7.86,,4,7,,7,3,,2,9,,1541,1521,,850,550,1253,.439,150,424,.354,291,402,.724,226,767,247,148,61,246,362
Southern Methodist,20,15,5,.750,14.91,3.96,,6,3,,8,3,,4,2,,1662,1443,,800,585,1220,.480,162,423,.383,330,448,.737,264,801,325,152,79,232,334
Southern Mississippi,21,9,12,.429,-7.78,-1.94,,4,5,,8,1,,1,9,,1529,1591,,850,549,1265,.434,148,470,.315,283,413,.685,244,816,308,142,100,309,354
Southern Utah,20,9,11,.450,-7.24,0.29,,1,5,,7,4,,1,7,,1459,1471,,800,514,1169,.440,129,409,.315,302,414,.729,212,743,257,110,92,280,336
St. Bonaventure,22,16,6,.727,6.49,-0.51,,4,5,,9,2,,5,3,,1568,1399,,885,565,1239,.456,146,438,.333,292,399,.732,221,775,249,161,81,229,287
St. John's (NY),21,18,3,.857,20.42,5.70,,9,1,,13,0,,4,1,,1677,1368,,855,629,1377,.457,125,419,.298,294,421,.698,301,873,324,203,128,242,344
St. Thomas,22,16,6,.727,1.89,-3.69,,6,1,,9,0,,6,5,,1865,1647,,885,642,1298,.495,239,604,.396,342,441,.776,164,710,343,154,71,226,404
Stanford,20,14,6,.700,10.60,3.85,,6,3,,11,1,,3,3,,1539,1404,,800,532,1188,.448,172,498,.345,303,392,.773,224,703,295,140,70,207,351
Stephen F. Austin,21,9,12,.429,-7.49,-2.77,,2,8,,6,5,,3,7,,1355,1361,,850,495,1169,.423,115,416,.276,250,414,.604,285,805,255,183,91,357,369
Stetson,21,7,14,.333,-15.32,-3.11,,5,3,,4,5,,3,6,,1527,1714,,845,526,1177,.447,162,465,.348,313,427,.733,180,704,255,115,66,293,319
Stonehill,22,11,11,.500,-11.76,-8.21,,3,4,,7,2,,3,8,,1531,1539,,880,532,1221,.436,197,548,.359,270,386,.699,192,731,328,149,60,264,380
Stony Brook,21,5,16,.238,-14.58,-3.43,,1,7,,3,7,,2,8,,1389,1564,,840,482,1175,.410,142,454,.313,283,372,.761,225,696,228,119,41,259,327
Syracuse,20,9,11,.450,4.25,7.35,,3,6,,8,4,,1,4,,1497,1559,,810,547,1208,.453,126,404,.312,277,402,.689,218,760,271,94,52,248,315
Tarleton State,21,8,13,.381,-10.97,1.64,,3,3,,6,1,,1,10,,1363,1502,,840,469,1063,.441,94,272,.346,331,448,.739,200,631,226,207,71,390,396
TCU,19,10,9,.526,11.35,9.93,,3,5,,9,2,,1,4,,1316,1289,,765,479,1128,.425,127,405,.314,231,364,.635,220,665,243,145,62,213,292
Temple,20,12,8,.600,2.71,0.65,,4,3,,8,0,,2,5,,1577,1509,,800,529,1176,.450,139,387,.359,380,527,.721,237,757,220,137,76,229,342


Tennessee,21,17,4,.810,24.77,9.06,,4,4,,11,1,,3,3,,1575,1245,,840,548,1228,.446,182,545,.334,297,392,.758,272,809,329,163,108,228,306
Tennessee State,21,9,12,.429,-9.72,-7.28,,5,5,,8,3,,1,7,,1673,1579,,865,599,1306,.459,140,449,.312,335,506,.662,295,889,289,156,76,334,417
Tennessee Tech,21,10,11,.476,-10.01,-5.85,,5,5,,6,2,,3,8,,1539,1583,,845,543,1246,.436,205,582,.352,248,355,.699,187,732,331,128,63,244,288
Tennessee-Martin,21,9,12,.429,-10.10,-6.44,,5,5,,6,2,,3,9,,1625,1519,,865,555,1315,.422,206,647,.318,309,436,.709,294,861,294,178,67,275,369
Texas,20,14,6,.700,17.42,4.82,,3,4,,10,3,,2,2,,1578,1326,,800,552,1145,.482,155,414,.374,319,425,.751,188,703,267,136,92,191,331
Texas A&M,21,16,5,.762,20.73,11.30,,5,3,,10,1,,2,3,,1582,1384,,840,540,1274,.424,146,476,.307,356,520,.685,351,883,257,167,90,256,364
Texas A&M-Corpus Christi,22,14,8,.636,0.63,-1.32,,7,3,,11,2,,3,6,,1754,1506,,880,661,1325,.499,130,372,.349,302,484,.624,261,831,344,182,84,265,401
Texas Southern,20,9,11,.450,-10.74,-2.45,,6,1,,6,2,,3,9,,1467,1531,,810,526,1231,.427,138,409,.337,277,373,.743,210,731,279,175,73,268,349
Texas State,21,12,9,.571,-1.27,-2.58,,5,4,,7,1,,3,7,,1628,1515,,850,569,1211,.470,121,318,.381,369,476,.775,242,783,294,145,87,258,380
Texas Tech,19,15,4,.789,22.13,5.24,,6,2,,10,2,,4,0,,1557,1236,,765,564,1148,.491,176,458,.384,253,329,.769,226,707,324,138,52,204,294
Texas-Rio Grande Valley,21,12,9,.571,-4.93,-2.63,,4,6,,8,3,,2,6,,1639,1522,,840,599,1338,.448,222,696,.319,219,316,.693,265,810,364,152,53,275,360
The Citadel,19,5,14,.263,-16.54,-3.94,,0,8,,5,7,,0,7,,1321,1403,,770,470,1076,.437,157,507,.310,224,373,.601,205,678,254,111,43,250,320
Toledo,20,12,8,.600,-3.41,-0.67,,6,2,,4,2,,6,5,,1565,1555,,800,569,1219,.467,123,361,.341,304,418,.727,208,692,274,107,59,198,314
Towson,21,12,9,.571,-2.52,-1.57,,7,1,,7,1,,5,4,,1428,1392,,855,516,1259,.410,150,467,.321,246,370,.665,274,776,218,137,69,207,351
Troy,20,13,7,.650,3.56,-0.22,,6,3,,8,3,,5,4,,1458,1311,,800,503,1137,.442,152,505,.301,300,419,.716,282,772,295,192,89,302,327
Tulane,20,11,9,.550,2.11,-2.51,,5,2,,9,2,,2,4,,1531,1371,,805,522,1164,.448,166,476,.349,321,416,.772,193,719,314,158,94,223,361
Tulsa,20,9,11,.450,-7.47,-5.47,,3,4,,7,5,,1,4,,1487,1476,,820,515,1197,.430,175,532,.329,282,422,.668,224,761,280,129,60,238,317
UAB,20,12,8,.600,3.32,-2.63,,5,2,,9,3,,2,3,,1688,1530,,805,615,1319,.466,136,405,.336,322,424,.759,294,818,332,142,74,224,316
UC Davis,20,12,8,.600,-5.24,-1.24,,6,3,,7,2,,5,6,,1388,1387,,800,459,1113,.412,120,385,.312,350,469,.746,215,688,206,162,74,276,374
UC Irvine,21,18,3,.857,10.43,-0.17,,8,1,,7,0,,8,3,,1599,1357,,850,546,1214,.450,137,406,.337,370,464,.797,199,842,336,150,73,275,326


UC Riverside,21,13,8,.619,-0.31,2.75,,6,3,,8,1,,5,7,,1535,1542,,855,550,1311,.420,183,553,.331,252,347,.726,268,798,275,108,53,244,379
UC San Diego,21,17,4,.810,11.48,-0.95,,7,2,,8,2,,6,2,,1681,1311,,840,573,1248,.459,213,618,.345,322,427,.754,207,726,320,225,41,196,358
UC Santa Barbara,20,13,7,.650,0.82,-4.29,,5,4,,8,3,,5,4,,1480,1322,,800,524,1110,.472,188,500,.376,244,325,.751,184,718,293,111,54,252,321
UCF,20,13,7,.650,11.77,10.57,,4,5,,10,2,,2,3,,1597,1573,,815,529,1256,.421,182,519,.351,357,461,.774,251,742,298,152,88,245,341
UCLA,21,15,6,.714,18.15,7.29,,6,4,,10,1,,3,3,,1594,1366,,840,572,1216,.470,146,427,.342,304,429,.709,228,687,329,180,59,241,386
UNC Asheville,21,15,6,.714,-4.19,-4.01,,6,1,,9,0,,5,6,,1777,1582,,850,641,1343,.477,173,487,.355,322,466,.691,258,770,318,160,84,220,414
UNC Greensboro,21,13,8,.619,0.36,-2.69,,6,2,,7,1,,5,5,,1557,1353,,840,541,1222,.443,211,549,.384,264,359,.735,236,783,287,132,55,217,340
UNC Wilmington,21,16,5,.762,2.26,-2.95,,6,2,,12,2,,4,3,,1683,1480,,845,572,1243,.460,158,476,.332,381,517,.737,277,840,311,135,68,232,357
UT Arlington,20,9,11,.450,-3.72,-2.83,,2,4,,5,2,,3,7,,1524,1479,,810,522,1175,.444,182,499,.365,298,419,.711,240,744,277,133,62,276,383
Utah,20,12,8,.600,11.97,5.62,,4,5,,11,3,,1,3,,1529,1402,,805,544,1178,.462,173,511,.339,268,428,.626,238,800,376,129,87,255,359
Utah State,20,18,2,.900,16.26,3.63,,8,1,,10,1,,5,1,,1654,1350,,800,585,1173,.499,184,490,.376,300,417,.719,227,704,382,183,62,224,332
Utah Tech,20,6,14,.300,-9.72,0.39,,2,3,,5,3,,0,10,,1408,1525,,800,498,1183,.421,146,455,.321,266,394,.675,214,671,269,140,51,240,356
Utah Valley,21,15,6,.714,1.18,-1.77,,7,0,,8,0,,6,5,,1604,1453,,845,578,1229,.470,122,378,.323,326,469,.695,237,807,335,147,127,262,340
UTEP,20,15,5,.750,1.22,-0.01,,5,2,,10,2,,3,2,,1468,1361,,800,505,1104,.457,154,403,.382,304,424,.717,163,584,275,220,67,246,380
UTSA,19,9,10,.474,-3.35,0.83,,3,4,,6,3,,2,7,,1507,1493,,765,516,1201,.430,191,531,.360,284,344,.826,209,626,253,185,67,216,342
Valparaiso,22,10,12,.455,-3.33,-0.63,,3,8,,8,5,,2,6,,1690,1629,,895,575,1332,.432,169,510,.331,371,477,.778,239,784,260,131,77,230,381
Vanderbilt,20,16,4,.800,16.35,4.05,,4,3,,11,1,,2,2,,1638,1392,,800,579,1248,.464,170,511,.333,310,419,.740,234,709,300,198,87,198,331
Vermont,21,11,10,.524,-10.34,-5.34,,4,2,,7,2,,3,7,,1381,1369,,840,482,1142,.422,160,502,.319,257,352,.730,186,700,256,136,89,248,298
Villanova,21,12,9,.571,13.02,4.97,,5,5,,10,2,,1,5,,1612,1443,,840,567,1200,.473,214,535,.400,264,332,.795,223,739,285,115,56,214,347
Virginia,20,9,11,.450,4.08,6.68,,2,7,,8,4,,0,5,,1237,1289,,800,440,1018,.432,160,433,.370,197,266,.741,137,609,287,104,76,219,292


Virginia Commonwealth,21,16,5,.762,12.74,0.24,,6,2,,10,0,,3,3,,1622,1327,,845,559,1275,.438,191,603,.317,313,438,.715,278,803,319,183,117,242,377
VMI,21,9,12,.429,-11.06,-4.47,,3,5,,6,3,,2,8,,1598,1514,,840,543,1247,.435,198,582,.340,314,419,.749,235,758,298,173,50,250,323
Virginia Tech,20,8,12,.400,2.40,5.85,,3,6,,7,5,,1,3,,1389,1458,,800,490,1114,.440,155,428,.362,254,348,.730,216,673,263,98,32,273,350
Wagner,20,11,9,.550,-15.50,-8.68,,3,4,,6,4,,5,5,,1290,1201,,810,458,1119,.409,142,416,.341,232,327,.709,232,710,267,157,33,236,340
Wake Forest,21,15,6,.714,9.02,5.45,,7,3,,10,1,,3,4,,1458,1383,,840,519,1178,.441,125,444,.282,295,397,.743,193,713,239,156,93,246,348
Washington,20,10,10,.500,8.12,9.02,,1,8,,8,5,,0,5,,1434,1436,,800,506,1153,.439,131,408,.321,291,436,.667,204,679,259,142,79,238,364
Washington State,22,15,7,.682,8.12,3.57,,5,4,,8,2,,3,3,,1771,1671,,885,631,1275,.495,194,534,.363,315,441,.714,229,783,374,144,111,333,425
Weber State,21,8,13,.381,-7.89,-0.28,,2,5,,3,5,,3,8,,1572,1508,,845,552,1194,.462,173,485,.357,295,419,.704,208,745,261,137,53,239,379
West Georgia,21,4,17,.190,-13.66,-2.46,,2,6,,3,4,,1,11,,1457,1635,,841,551,1260,.437,117,383,.305,238,350,.680,200,685,283,153,62,246,348
West Virginia,19,13,6,.684,16.20,9.41,,4,4,,9,2,,2,3,,1352,1223,,775,471,1113,.423,173,524,.330,237,313,.757,180,657,257,153,89,204,320
Western Carolina,19,6,13,.316,-17.67,-0.61,,2,6,,5,4,,1,9,,1297,1487,,765,448,1151,.389,168,579,.290,233,311,.749,209,731,218,112,54,294,323
Western Illinois,21,8,13,.381,-16.06,-7.39,,2,8,,5,5,,3,7,,1413,1462,,845,518,1201,.431,164,451,.364,213,311,.685,234,734,207,119,72,242,290
Western Kentucky,20,12,8,.600,1.30,2.02,,3,4,,9,2,,3,6,,1536,1501,,805,533,1261,.423,163,494,.330,307,417,.736,186,763,242,177,56,231,368
Western Michigan,20,6,14,.300,-10.18,-3.45,,3,5,,3,6,,3,8,,1433,1521,,800,529,1239,.427,106,382,.277,267,399,.669,265,768,251,126,47,219,362
Wichita State,20,11,9,.550,1.57,1.41,,1,6,,8,3,,1,5,,1519,1501,,805,555,1213,.458,109,349,.312,300,417,.719,218,758,259,149,80,229,295
William & Mary,21,13,8,.619,-3.25,-4.36,,7,1,,9,0,,3,7,,1711,1588,,840,583,1242,.469,231,643,.359,314,422,.744,203,755,364,145,39,270,376
Winthrop,22,13,9,.591,-3.20,-2.99,,3,4,,12,1,,1,8,,1863,1716,,895,626,1351,.463,168,532,.316,443,672,.659,290,863,264,187,77,287,449
Wisconsin,20,16,4,.800,20.87,8.67,,6,3,,11,1,,2,3,,1650,1406,,800,549,1164,.472,199,549,.362,353,414,.853,179,713,305,107,43,207,348
Wofford,21,11,10,.524,-1.05,-0.68,,5,3,,7,1,,3,8,,1567,1475,,845,577,1267,.455,199,601,.331,214,335,.639,273,813,336,124,51,233,357
Wright State,22,11,11,.500,-2.41,-2.56,,5,6,,7,3,,3,6,,1694,1626,,890,630,1301,.484,183,485,.377,251,352,.713,206,783,327,129,65,251,376


Wyoming,21,11,10,.524,0.04,2.94,,4,6,,7,3,,3,5,,1453,1488,,845,519,1166,.445,168,467,.360,247,368,.671,225,743,250,89,59,275,387
Xavier,21,13,8,.619,14.50,6.98,,5,5,,10,2,,2,5,,1616,1458,,850,541,1191,.454,171,446,.383,363,465,.781,181,721,351,157,62,242,344
Yale,17,11,6,.647,7.38,-3.00,,4,0,,7,0,,2,5,,1400,1180,,680,504,1051,.480,133,346,.384,259,349,.742,213,690,302,101,61,186,298
Youngstown State,22,13,9,.591,-5.03,-5.23,,7,4,,6,3,,6,5,,1660,1539,,890,570,1333,.428,188,608,.309,332,464,.716,250,822,303,150,122,274,408
