Rk,School,G,W,L,W-L%,SRS,SOS, ,W,L, ,W,L, ,W,L, ,Tm.,Opp., ,MP,FG,FGA,FG%,3P,3PA,3P%,FT,FTA,FT%,ORB,TRB,AST,STL,BLK,TOV,PF
Abilene Christian,22,9,13,.409,-8.19,-0.50,,1,6,,6,4,,2,9,,1533,1569,,885,554,1248,.444,103,342,.301,322,464,.694,245,742,285,216,62,333,441
Air Force,23,3,20,.130,-6.67,1.85,,0,12,,2,10,,0,10,,1454,1650,,925,496,1144,.434,185,535,.346,277,436,.635,178,691,303,131,70,308,401
Akron,22,17,5,.773,4.22,-3.68,,10,0,,11,0,,5,3,,1846,1604,,885,670,1454,.461,248,691,.359,258,344,.750,280,895,407,170,81,273,402
Alabama,22,19,3,.864,25.26,13.35,,8,1,,10,1,,6,1,,1985,1723,,885,669,1405,.476,224,667,.336,423,597,.709,307,985,375,137,114,291,406
Alabama A&M,22,7,15,.318,-19.72,-7.77,,3,6,,7,6,,0,9,,1694,1798,,900,585,1423,.411,185,574,.322,339,508,.667,339,848,317,192,95,362,478
Alabama State,22,9,13,.409,-10.56,-5.75,,5,4,,5,1,,2,10,,1639,1689,,885,572,1403,.408,200,611,.327,295,437,.675,258,785,256,159,52,206,424
Albany (NY),23,11,12,.478,-10.11,-7.69,,3,5,,5,5,,4,6,,1722,1710,,930,632,1429,.442,155,503,.308,303,414,.732,261,762,282,197,41,251,427
Alcorn State,22,5,17,.227,-13.97,-0.92,,5,4,,3,2,,2,15,,1372,1652,,885,486,1257,.387,132,397,.332,268,375,.715,275,748,227,143,66,325,381
American,23,14,9,.609,-7.55,-5.16,,8,2,,8,1,,3,8,,1614,1602,,935,553,1244,.445,200,570,.351,308,404,.762,187,704,293,143,48,264,427
Appalachian State,22,13,9,.591,-0.15,-2.05,,7,4,,8,3,,3,5,,1531,1397,,880,538,1194,.451,178,496,.359,277,421,.658,210,818,295,130,81,249,303
Arizona,22,16,6,.727,23.89,10.57,,10,1,,10,1,,5,2,,1823,1530,,890,647,1363,.475,157,478,.328,372,484,.769,279,894,376,186,94,255,357
Arizona State,22,12,10,.545,13.20,12.02,,3,8,,5,5,,2,4,,1609,1583,,885,548,1250,.438,196,550,.356,317,451,.703,211,794,296,115,111,294,363
Arkansas,21,13,8,.619,15.92,7.78,,2,6,,10,3,,2,3,,1612,1441,,840,587,1254,.468,158,471,.335,280,385,.727,202,748,308,162,117,237,337
Arkansas State,23,18,5,.783,6.41,-1.63,,9,2,,11,0,,6,3,,1814,1594,,930,621,1464,.424,210,649,.324,362,500,.724,298,937,304,170,104,246,427
Arkansas-Pine Bluff,22,4,18,.182,-24.98,-4.88,,1,8,,4,4,,0,14,,1634,1935,,880,610,1325,.460,166,513,.324,248,417,.595,221,754,320,150,46,331,439
Army,22,12,10,.545,-10.16,-6.86,,6,4,,9,3,,3,7,,1650,1624,,900,619,1369,.452,196,590,.332,216,327,.661,226,780,337,147,47,228,325
Auburn,22,21,1,.955,31.09,12.63,,9,0,,10,0,,5,1,,1873,1467,,880,669,1371,.488,211,565,.373,324,433,.748,271,853,381,165,154,206,399
Austin Peay,23,9,14,.391,-10.17,-1.64,,4,6,,5,3,,3,10,,1597,1709,,935,556,1375,.404,186,571,.326,299,421,.710,231,758,265,171,55,241,409
Ball State,22,10,12,.455,-7.87,-6.08,,4,6,,4,5,,4,6,,1671,1628,,880,557,1203,.463,159,461,.345,398,582,.684,209,789,295,110,45,261,363
Baylor,22,14,8,.636,19.97,11.87,,6,5,,10,1,,2,6,,1748,1524,,900,627,1375,.456,199,545,.365,295,401,.736,294,814,339,175,72,248,352


Bellarmine,23,3,20,.130,-16.85,-3.23,,0,10,,3,8,,0,12,,1635,1852,,925,586,1282,.457,205,580,.353,258,327,.789,160,686,316,135,36,290,382
Belmont,23,15,8,.652,1.58,-0.06,,7,5,,8,4,,6,3,,1872,1813,,925,672,1442,.466,242,645,.375,286,389,.735,238,825,397,149,75,260,362
Bethune-Cookman,22,9,13,.409,-8.45,-3.54,,6,3,,5,0,,3,12,,1474,1582,,880,523,1260,.415,129,427,.302,299,431,.694,221,775,250,155,80,294,367
Binghamton,23,11,12,.478,-13.96,-7.91,,3,5,,6,2,,4,9,,1603,1651,,930,572,1219,.469,175,459,.381,282,404,.698,188,785,317,108,73,320,396
Boise State,23,16,7,.696,13.75,4.16,,8,4,,10,1,,3,4,,1773,1527,,925,607,1280,.474,166,514,.323,393,508,.774,240,846,347,117,66,261,365
Boston College,21,10,11,.476,-0.94,3.34,,2,8,,7,5,,0,5,,1492,1582,,850,530,1215,.436,140,387,.362,292,400,.730,227,724,239,104,82,248,395
Boston University,23,11,12,.478,-10.86,-7.59,,5,5,,8,3,,2,9,,1521,1555,,930,543,1250,.434,178,544,.327,257,401,.641,255,821,279,136,58,308,352
Bowling Green State,22,8,14,.364,-10.81,-5.46,,3,7,,6,5,,1,8,,1661,1679,,880,573,1300,.441,182,537,.339,333,442,.753,218,742,246,170,71,263,386
Bradley,23,18,5,.783,7.25,-0.53,,9,3,,10,2,,5,2,,1823,1586,,935,634,1306,.485,227,570,.398,328,418,.785,199,812,345,168,87,282,372
Brigham Young,22,15,7,.682,18.21,6.03,,6,5,,11,2,,2,4,,1775,1507,,895,637,1323,.481,234,632,.370,267,390,.685,254,841,376,165,73,265,350
Brown,19,10,9,.526,-6.42,-3.92,,2,4,,5,4,,5,5,,1381,1385,,775,501,1128,.444,179,489,.366,200,313,.639,213,682,278,111,94,229,296
Bryant,23,14,9,.609,-2.17,-5.94,,8,0,,6,2,,7,6,,1931,1751,,925,703,1523,.462,198,559,.354,327,452,.723,301,941,348,159,128,276,364
Bucknell,23,10,13,.435,-7.15,-4.06,,6,4,,7,3,,3,9,,1643,1714,,965,570,1295,.440,185,552,.335,318,480,.663,197,775,301,158,74,314,410
Buffalo,22,7,15,.318,-15.14,-2.54,,2,8,,5,5,,2,10,,1594,1802,,880,557,1307,.426,180,599,.301,300,434,.691,194,762,313,153,80,321,368
Butler,22,9,13,.409,10.23,9.46,,2,9,,7,6,,0,6,,1603,1586,,885,529,1176,.450,172,475,.362,373,499,.747,192,775,308,77,67,247,318
Cal Poly,23,8,15,.348,-5.60,1.27,,2,9,,5,4,,3,11,,1814,1932,,935,635,1412,.450,241,714,.338,303,403,.752,245,813,344,171,52,384,412
Cal State Bakersfield,23,10,13,.435,-6.25,-1.54,,4,7,,7,3,,2,9,,1713,1694,,925,591,1345,.439,157,402,.391,374,491,.762,296,823,226,160,63,299,487
Cal State Fullerton,23,6,17,.261,-11.20,1.13,,1,10,,4,7,,2,10,,1493,1713,,920,498,1203,.414,107,392,.273,390,518,.753,221,740,206,142,38,320,438
Cal State Northridge,22,15,7,.682,2.40,-4.15,,7,4,,6,2,,7,5,,1772,1558,,885,639,1359,.470,147,428,.343,347,495,.701,281,895,363,180,72,301,453
California,22,11,11,.500,4.96,5.24,,4,7,,9,4,,2,6,,1656,1662,,885,556,1310,.424,157,501,.313,387,515,.751,296,816,226,129,80,251,359


California Baptist,21,11,10,.524,0.36,-1.21,,4,3,,7,4,,3,5,,1541,1508,,850,556,1278,.435,137,457,.300,292,387,.755,259,770,254,129,57,238,346
Campbell,23,12,11,.522,-2.38,-4.24,,7,3,,6,4,,6,7,,1646,1517,,925,570,1291,.442,183,550,.333,323,414,.780,177,737,314,165,61,242,374
Canisius,21,2,19,.095,-18.26,-3.92,,2,8,,1,9,,1,9,,1350,1651,,840,491,1143,.430,175,476,.368,193,254,.760,128,551,243,116,52,246,327
Central Arkansas,23,6,17,.261,-14.08,-3.41,,2,8,,6,4,,0,13,,1631,1778,,945,580,1452,.399,212,713,.297,259,372,.696,282,856,326,186,52,277,327
Central Connecticut State,22,16,6,.727,-4.39,-8.74,,7,2,,6,2,,10,3,,1577,1392,,880,602,1264,.476,147,446,.330,226,322,.702,195,778,322,166,93,244,247
Central Michigan,22,10,12,.455,-4.55,-0.66,,4,6,,6,4,,4,7,,1627,1547,,880,591,1292,.457,149,475,.314,296,421,.703,241,817,302,167,68,282,364
Charleston Southern,24,8,16,.333,-9.24,-1.15,,4,5,,6,3,,2,11,,1771,1885,,975,586,1375,.426,177,578,.306,422,647,.652,285,915,286,116,69,321,431
Charlotte,23,8,15,.348,-5.39,-0.71,,1,9,,6,6,,1,8,,1631,1712,,940,532,1271,.419,148,507,.292,419,565,.742,201,738,287,118,48,216,392
Chattanooga,23,15,8,.652,-0.34,-3.48,,7,3,,9,3,,6,5,,1792,1659,,930,632,1342,.471,217,629,.345,311,407,.764,188,784,388,150,57,249,372
Chicago State,23,3,20,.130,-18.93,-1.32,,3,5,,2,4,,1,14,,1400,1805,,925,492,1327,.371,158,534,.296,258,382,.675,206,738,238,171,81,320,466
Cincinnati,21,12,9,.571,13.36,6.36,,2,8,,8,4,,3,5,,1470,1323,,840,556,1257,.442,154,486,.317,204,311,.656,245,750,294,157,98,210,286
Clemson,23,18,5,.783,16.15,5.93,,10,2,,11,2,,5,3,,1779,1544,,950,633,1369,.462,211,550,.384,302,387,.780,252,807,329,170,81,239,351
Cleveland State,23,17,6,.739,-0.73,-3.93,,11,1,,11,2,,6,4,,1707,1483,,920,624,1371,.455,151,448,.337,308,430,.716,288,806,323,213,108,269,405
Coastal Carolina,23,8,15,.348,-11.69,-5.93,,1,10,,5,4,,2,11,,1550,1624,,925,540,1235,.437,165,486,.340,305,434,.703,224,841,258,82,36,279,414
Colgate,24,9,15,.375,-8.07,-4.59,,6,5,,6,3,,3,10,,1689,1736,,960,628,1380,.455,214,609,.351,219,309,.709,195,778,339,143,58,272,357
College of Charleston,23,17,6,.739,0.67,-1.92,,7,3,,9,2,,5,3,,1805,1725,,930,628,1384,.454,191,546,.350,358,476,.752,217,839,372,151,50,269,365
Colorado,21,9,12,.429,8.07,8.40,,0,10,,8,5,,0,5,,1508,1515,,850,521,1139,.457,143,418,.342,323,426,.758,193,732,323,160,81,318,338
Colorado State,21,14,7,.667,9.94,3.61,,8,2,,9,2,,4,2,,1557,1424,,855,562,1198,.469,170,520,.327,261,333,.784,170,751,357,100,63,252,368
Columbia,19,11,8,.579,-5.41,-6.88,,0,6,,8,4,,3,4,,1551,1431,,760,559,1151,.486,176,479,.367,257,343,.749,189,672,335,165,40,218,293
Connecticut,22,16,6,.727,17.68,6.40,,8,3,,10,1,,5,2,,1757,1509,,895,625,1266,.494,204,551,.370,303,387,.783,226,759,417,121,148,236,416


Coppin State,22,4,18,.182,-21.77,-3.25,,2,5,,3,4,,1,14,,1333,1696,,880,464,1204,.385,106,386,.275,299,449,.666,219,679,236,178,29,325,387
Cornell,19,13,6,.684,1.11,-4.36,,5,1,,6,4,,7,2,,1621,1435,,760,586,1143,.513,200,540,.370,249,333,.748,171,664,368,127,70,238,308
Creighton,22,16,6,.727,16.82,9.73,,9,2,,11,1,,4,3,,1658,1502,,880,590,1233,.479,213,611,.349,265,354,.749,176,823,375,85,107,289,233
Dartmouth,19,9,10,.474,-8.86,-5.56,,3,3,,5,3,,4,7,,1499,1420,,765,508,1158,.439,202,546,.370,281,378,.743,172,698,297,106,50,220,300
Davidson,22,13,9,.591,3.00,0.91,,3,6,,10,2,,2,5,,1640,1555,,880,590,1270,.465,184,525,.350,276,379,.728,179,739,343,131,47,209,333
Dayton,23,16,7,.696,9.44,4.44,,6,4,,13,1,,2,3,,1715,1584,,925,593,1272,.466,184,513,.359,345,475,.726,216,777,363,160,77,234,337
Delaware,23,11,12,.478,-7.24,-4.91,,4,6,,7,3,,3,8,,1784,1789,,920,621,1336,.465,202,544,.371,340,432,.787,177,764,319,139,72,273,386
Delaware State,22,12,10,.545,-11.93,-6.87,,4,3,,7,1,,3,9,,1696,1573,,880,636,1403,.453,113,321,.352,311,430,.723,293,850,314,173,61,266,393
Denver,24,8,16,.333,-12.84,-3.12,,2,7,,6,4,,2,10,,1742,1899,,975,615,1389,.443,184,532,.346,328,450,.729,212,720,292,159,49,287,534
DePaul,23,11,12,.478,5.86,4.68,,2,10,,10,5,,1,7,,1717,1690,,940,600,1335,.449,226,627,.360,291,409,.711,230,828,373,133,79,298,386
Detroit Mercy,24,8,16,.333,-11.56,-2.30,,4,9,,6,4,,2,10,,1586,1760,,975,575,1427,.403,131,394,.332,305,411,.742,287,917,252,143,59,296,440
Drake,23,21,2,.913,9.14,-0.14,,11,2,,11,1,,7,1,,1624,1322,,930,564,1149,.491,154,423,.364,342,486,.704,237,704,309,211,56,267,353
Drexel,23,12,11,.522,-4.29,-5.57,,4,6,,4,5,,6,5,,1607,1527,,935,604,1338,.451,174,500,.348,225,322,.699,271,878,296,111,106,287,341
Duke,21,19,2,.905,29.18,8.90,,11,0,,13,0,,6,0,,1687,1261,,840,584,1225,.477,211,573,.368,308,400,.770,236,825,356,142,78,215,330
Duquesne,22,9,13,.409,0.59,0.87,,4,5,,6,6,,1,4,,1502,1460,,885,542,1275,.425,185,532,.348,233,368,.633,260,762,304,148,95,258,397
East Carolina,22,12,10,.545,0.85,-0.15,,4,5,,8,5,,2,4,,1677,1593,,900,592,1363,.434,142,471,.301,351,502,.699,309,857,281,170,96,251,353
East Tennessee State,23,13,10,.565,0.25,-4.56,,6,4,,10,3,,3,7,,1697,1547,,920,607,1391,.436,204,585,.349,279,427,.653,312,861,311,183,80,258,394
East Texas A&M,23,3,20,.130,-12.23,-0.79,,1,11,,3,7,,0,13,,1481,1744,,925,533,1269,.420,192,617,.311,223,357,.625,234,714,316,194,83,378,389
Eastern Illinois,24,8,16,.333,-14.14,-4.52,,4,9,,5,5,,2,11,,1617,1709,,970,589,1399,.421,128,399,.321,311,479,.649,272,847,271,201,67,299,446
Eastern Kentucky,23,12,11,.522,-4.74,-2.55,,6,4,,7,3,,4,6,,1787,1768,,935,632,1522,.415,208,636,.327,315,425,.741,336,887,292,203,91,234,387


Eastern Michigan,22,10,12,.455,-11.42,-4.71,,4,6,,5,4,,4,8,,1588,1704,,885,562,1249,.450,162,481,.337,302,425,.711,218,715,283,155,71,294,400
Eastern Washington,23,7,16,.304,-6.00,-0.14,,3,7,,5,4,,2,11,,1667,1720,,920,600,1322,.454,159,494,.322,308,401,.768,208,732,320,185,70,295,416
Elon,23,15,8,.652,-0.78,-3.88,,6,4,,9,2,,5,5,,1719,1555,,920,578,1320,.438,174,559,.311,389,531,.733,315,959,289,119,92,272,292
Evansville,23,9,14,.391,-5.83,0.58,,6,6,,6,6,,3,8,,1524,1618,,920,552,1272,.434,165,539,.306,255,373,.684,176,753,302,147,98,272,381
Fairfield,22,8,14,.364,-15.55,-6.93,,4,7,,5,4,,2,9,,1507,1639,,885,538,1342,.401,165,516,.320,266,367,.725,276,740,292,140,62,231,357
FDU,23,9,14,.391,-12.59,-5.59,,5,3,,5,4,,4,10,,1727,1734,,931,609,1374,.443,193,564,.342,316,457,.691,235,780,313,155,68,268,383
Florida,22,19,3,.864,25.26,7.62,,6,3,,11,1,,3,2,,1835,1447,,880,657,1411,.466,200,590,.339,321,451,.712,325,957,335,175,108,243,355
Florida A&M,20,8,12,.400,-14.48,-2.09,,5,4,,6,2,,2,10,,1436,1545,,802,488,1142,.427,191,544,.351,269,380,.708,212,703,251,105,67,294,356
Florida Atlantic,22,12,10,.545,4.76,2.85,,5,4,,6,3,,3,5,,1785,1695,,895,638,1372,.465,196,558,.351,313,445,.703,248,818,368,157,82,258,386
Florida Gulf Coast,23,13,10,.565,-0.05,-3.05,,8,2,,8,3,,5,7,,1649,1566,,920,628,1330,.472,195,547,.356,198,290,.683,209,778,324,134,52,248,342
Florida International,22,7,15,.318,-5.81,-2.46,,1,8,,5,6,,1,8,,1575,1580,,885,577,1290,.447,110,376,.293,311,444,.700,257,785,291,201,108,315,390
Florida State,23,14,9,.609,10.05,4.22,,5,7,,9,3,,1,6,,1765,1631,,925,614,1338,.459,146,450,.324,391,539,.725,241,820,321,189,116,289,444
Fordham,22,10,12,.455,-3.13,-0.04,,2,7,,7,4,,2,6,,1663,1688,,895,573,1335,.429,186,553,.336,331,455,.727,253,806,316,169,76,299,400
Fresno State,23,5,18,.217,-5.69,3.88,,1,11,,4,6,,1,10,,1670,1890,,950,578,1426,.405,155,502,.309,359,517,.694,241,821,259,176,73,299,371
Furman,23,17,6,.739,-1.04,-2.44,,5,5,,9,2,,7,4,,1758,1571,,925,619,1349,.459,238,679,.351,282,424,.665,253,846,393,147,76,257,352
Gardner-Webb,22,9,13,.409,-5.85,-2.48,,4,5,,5,3,,2,10,,1645,1719,,880,589,1254,.470,151,431,.350,316,460,.687,248,816,256,116,81,333,417
George Mason,22,17,5,.773,8.81,0.00,,8,1,,13,1,,4,4,,1596,1366,,905,545,1182,.461,143,435,.329,363,511,.710,239,857,283,149,72,293,353
George Washington,22,15,7,.682,1.97,-4.17,,4,5,,11,1,,2,5,,1668,1499,,895,569,1272,.447,171,544,.314,357,510,.700,250,800,323,205,71,268,336
Georgetown,23,14,9,.609,8.85,3.85,,5,7,,11,4,,3,5,,1626,1511,,920,617,1364,.452,147,476,.309,245,346,.708,262,833,333,187,99,297,351
Georgia,22,15,7,.682,16.45,7.90,,3,6,,12,1,,1,5,,1667,1479,,880,580,1252,.463,146,453,.322,361,509,.709,269,822,280,181,118,294,362


Georgia Southern,23,11,12,.478,-8.55,-4.51,,4,7,,7,2,,3,9,,1700,1779,,935,610,1446,.422,212,630,.337,268,405,.662,296,851,290,189,90,327,473
Georgia State,23,8,15,.348,-8.92,-0.10,,4,7,,6,6,,1,8,,1691,1845,,925,615,1420,.433,164,496,.331,297,438,.678,289,877,288,125,61,288,368
Georgia Tech,23,11,12,.478,6.66,5.27,,5,7,,10,5,,1,6,,1728,1696,,935,626,1410,.444,173,517,.335,303,459,.660,249,858,349,149,84,277,392
Gonzaga,23,16,7,.696,23.38,6.34,,7,3,,10,1,,4,2,,2029,1637,,935,739,1479,.500,186,516,.360,365,459,.795,270,904,454,176,70,227,382
Grambling,22,6,16,.273,-14.14,-4.14,,3,6,,4,4,,2,10,,1475,1544,,885,530,1222,.434,146,426,.343,269,380,.708,190,737,259,145,80,296,359
Grand Canyon,22,17,5,.773,7.89,-1.97,,7,1,,13,1,,2,2,,1748,1493,,880,585,1304,.449,144,451,.319,434,587,.739,248,840,310,212,109,279,371
Green Bay,24,2,22,.083,-13.59,-1.46,,0,13,,1,9,,1,13,,1630,1911,,960,551,1256,.439,197,597,.330,331,419,.790,125,684,323,116,48,314,411
Hampton,23,11,12,.478,-7.85,-3.10,,3,7,,6,4,,3,6,,1691,1668,,925,595,1420,.419,175,536,.326,324,441,.735,312,844,284,173,78,262,436
Harvard,19,7,12,.368,-9.03,-3.53,,2,4,,3,4,,4,8,,1288,1381,,760,469,1071,.438,144,443,.325,206,279,.738,166,611,253,139,55,238,277
Hawaii,22,13,9,.591,0.37,-0.58,,5,6,,11,5,,2,4,,1592,1534,,890,543,1180,.460,152,455,.334,354,487,.727,228,796,273,86,60,291,395
High Point,24,19,5,.792,4.13,-5.60,,7,2,,12,1,,4,3,,1939,1626,,960,659,1351,.488,205,554,.370,416,542,.768,265,864,312,142,74,252,430
Hofstra,23,12,11,.522,-2.26,-0.21,,4,6,,5,4,,4,6,,1547,1495,,940,556,1282,.434,188,560,.336,247,337,.733,177,823,312,126,93,273,400
Holy Cross,23,11,12,.478,-11.80,-6.32,,3,7,,5,4,,4,8,,1592,1632,,920,594,1296,.458,206,532,.387,198,270,.733,170,745,288,115,56,265,311
Houston,22,18,4,.818,29.26,10.08,,10,1,,12,1,,5,0,,1673,1251,,905,615,1343,.458,181,461,.393,262,360,.728,298,838,290,181,112,202,367
Houston Christian,23,10,13,.435,-6.92,-1.44,,7,5,,6,5,,4,8,,1563,1631,,920,544,1260,.432,173,533,.325,302,423,.714,215,726,245,181,74,276,320
Howard,22,8,14,.364,-10.71,-2.99,,3,2,,6,5,,1,7,,1722,1775,,890,592,1250,.474,190,485,.392,348,465,.748,206,728,373,124,49,330,405
Idaho,23,10,13,.435,-6.34,-2.06,,5,5,,6,4,,4,8,,1712,1725,,920,590,1309,.451,213,611,.349,319,437,.730,236,763,299,142,62,268,422
Idaho State,21,10,11,.476,-3.09,-2.26,,5,5,,8,3,,2,8,,1570,1456,,845,542,1253,.433,167,489,.342,319,435,.733,305,818,298,128,108,240,358
Illinois,22,15,7,.682,24.41,9.50,,7,5,,10,3,,3,3,,1876,1548,,891,636,1433,.444,212,682,.311,392,521,.752,301,1001,323,102,96,265,357
Illinois State,23,14,9,.609,2.61,-0.30,,6,6,,10,3,,3,4,,1767,1648,,925,619,1275,.485,238,610,.390,291,387,.752,181,760,335,125,32,235,371


Illinois-Chicago,22,14,8,.636,2.56,1.01,,7,5,,6,4,,7,2,,1777,1640,,900,632,1331,.475,195,533,.366,318,445,.715,246,830,365,148,67,271,407
Incarnate Word,23,11,12,.478,-6.63,-4.94,,4,8,,8,4,,2,8,,1736,1605,,920,656,1358,.483,187,499,.375,237,345,.687,261,800,290,160,91,263,380
Indiana,23,14,9,.609,12.90,9.99,,5,7,,11,2,,2,5,,1760,1693,,925,640,1376,.465,146,453,.322,334,465,.718,261,867,367,132,83,287,389
Indiana State,23,11,12,.478,-4.63,-0.68,,5,7,,5,5,,4,5,,1840,1830,,930,630,1357,.464,230,679,.339,350,474,.738,229,844,356,171,52,353,415
Iona,22,9,13,.409,-9.68,-6.77,,6,5,,5,5,,3,6,,1500,1564,,880,540,1341,.403,141,460,.307,279,407,.686,342,817,293,225,59,335,405
Iowa,22,13,9,.591,13.24,6.79,,4,7,,11,3,,0,5,,1881,1739,,885,694,1386,.501,225,585,.385,268,394,.680,187,704,421,167,104,226,326
Iowa State,22,17,5,.773,22.53,8.53,,7,4,,11,1,,4,3,,1796,1488,,890,630,1318,.478,155,454,.341,381,512,.744,250,816,328,213,83,241,336
IU Indy,24,8,16,.333,-11.85,-4.28,,4,9,,5,5,,3,9,,1791,1795,,960,592,1387,.427,245,668,.367,362,486,.745,275,832,325,145,50,273,430
Jackson State,22,6,16,.273,-11.11,0.66,,6,3,,3,1,,3,14,,1501,1760,,900,505,1304,.387,142,449,.316,349,479,.729,245,773,230,173,67,332,390
Jacksonville,22,13,9,.591,-1.50,-1.20,,7,3,,7,3,,5,5,,1597,1569,,885,579,1325,.437,169,464,.364,270,392,.689,284,808,307,182,107,311,375
Jacksonville State,22,15,7,.682,1.40,-0.40,,7,2,,9,0,,5,5,,1682,1513,,880,601,1299,.463,166,464,.358,314,405,.775,245,877,273,97,72,217,276
James Madison,23,14,9,.609,0.15,-0.81,,7,4,,10,2,,2,6,,1682,1582,,920,596,1345,.443,201,586,.343,289,388,.745,256,850,276,139,71,263,361
Kansas,22,16,6,.727,23.38,12.56,,7,4,,11,2,,3,4,,1690,1452,,890,651,1364,.477,155,449,.345,233,321,.726,234,859,392,139,111,247,317
Kansas City,24,10,14,.417,-6.07,-2.72,,2,7,,7,3,,2,9,,1774,1597,,960,598,1382,.433,222,642,.346,356,460,.774,284,854,303,190,66,288,403
Kansas State,22,11,11,.500,10.91,7.45,,5,6,,7,4,,2,6,,1616,1540,,885,584,1284,.455,190,538,.353,258,373,.692,231,747,359,167,79,272,344
Kennesaw State,22,13,9,.591,-0.79,0.79,,5,4,,10,1,,2,6,,1719,1630,,890,592,1393,.425,186,636,.292,349,493,.708,312,936,293,151,96,311,403
Kent State,22,14,8,.636,0.63,-3.07,,5,5,,6,4,,6,3,,1540,1417,,880,557,1341,.415,155,535,.290,271,367,.738,282,801,275,175,80,249,407
Kentucky,22,15,7,.682,21.06,11.47,,4,5,,11,2,,2,4,,1915,1704,,885,673,1387,.485,224,589,.380,345,476,.725,239,884,393,138,96,231,374
La Salle,23,12,11,.522,-2.42,1.22,,4,6,,9,2,,2,6,,1716,1736,,925,619,1470,.421,160,489,.327,318,444,.716,289,872,282,173,84,245,356
Lafayette,23,9,14,.391,-10.28,-7.37,,4,6,,6,4,,3,10,,1585,1603,,932,567,1314,.432,180,526,.342,271,400,.678,216,767,337,145,86,248,373


Lamar,23,13,10,.565,-3.54,-2.59,,8,4,,7,3,,6,5,,1659,1556,,925,611,1405,.435,162,458,.354,275,400,.688,301,876,368,176,115,287,361
Le Moyne,23,7,16,.304,-17.24,-6.43,,2,6,,4,5,,2,11,,1705,1843,,945,595,1316,.452,175,536,.326,340,491,.692,214,777,335,159,56,318,459
Lehigh,22,9,13,.409,-9.45,-5.05,,4,7,,7,3,,2,10,,1553,1574,,885,560,1242,.451,185,486,.381,248,363,.683,152,685,301,130,45,234,345
Liberty,22,17,5,.773,7.06,-2.04,,5,4,,8,2,,5,2,,1708,1368,,885,626,1270,.493,228,605,.377,228,350,.651,157,746,373,161,59,223,280
Lindenwood,23,10,13,.435,-13.56,-5.46,,5,7,,9,3,,0,9,,1630,1621,,925,587,1364,.430,133,463,.287,323,483,.669,260,824,273,204,93,298,360
Lipscomb,23,15,8,.652,4.46,-3.92,,7,3,,8,3,,7,5,,1806,1540,,920,644,1371,.470,207,620,.334,311,409,.760,213,844,364,176,70,237,298
Little Rock,23,14,9,.609,-5.14,-6.14,,8,4,,7,3,,7,5,,1580,1516,,925,582,1329,.438,154,427,.361,262,370,.708,240,804,323,202,125,327,392
Long Beach State,23,7,16,.304,-10.75,0.06,,3,8,,3,6,,4,7,,1546,1702,,925,536,1218,.440,155,438,.354,319,429,.744,220,736,261,137,71,333,411
Long Island University,25,10,15,.400,-12.23,-7.62,,6,4,,6,4,,4,9,,1705,1701,,1025,635,1470,.432,154,499,.309,281,403,.697,290,894,304,195,81,332,491
Longwood,24,16,8,.667,-2.59,-4.69,,5,4,,11,1,,4,5,,1902,1737,,960,638,1388,.460,161,482,.334,465,633,.735,279,841,319,184,49,285,448
Louisiana,23,7,16,.304,-10.47,-0.88,,5,6,,4,10,,3,3,,1514,1708,,925,531,1330,.399,161,522,.308,291,395,.737,222,710,248,171,68,252,403
Louisiana State,21,12,9,.571,12.36,6.17,,1,7,,10,3,,1,4,,1639,1509,,855,576,1247,.462,158,517,.306,329,433,.760,238,803,278,159,114,300,345
Louisiana Tech,22,16,6,.727,2.47,-0.79,,5,4,,10,1,,2,5,,1670,1495,,890,595,1249,.476,173,515,.336,307,411,.747,224,829,358,145,101,284,318
Louisiana-Monroe,24,6,18,.250,-13.59,-4.18,,2,9,,4,8,,2,9,,1652,1747,,965,591,1450,.408,167,522,.320,303,430,.705,278,889,318,187,55,287,346
Louisville,22,16,6,.727,18.69,9.69,,9,2,,9,3,,5,2,,1729,1531,,885,581,1330,.437,217,683,.318,350,478,.732,271,841,313,145,68,245,354
Loyola (IL),22,14,8,.636,2.57,-0.81,,5,4,,12,1,,2,3,,1625,1502,,890,583,1249,.467,174,504,.345,285,430,.663,223,774,355,146,95,285,400
Loyola (MD),21,9,12,.429,-11.84,-8.04,,4,6,,5,5,,4,7,,1461,1496,,840,524,1200,.437,145,459,.316,268,371,.722,212,707,284,152,63,260,332
Loyola Marymount,22,14,8,.636,2.64,2.78,,6,4,,10,3,,2,5,,1569,1529,,880,562,1290,.436,178,527,.338,267,383,.697,186,767,305,128,89,235,363
Maine,23,14,9,.609,-5.24,-7.38,,6,2,,6,1,,6,8,,1656,1508,,925,615,1314,.468,153,432,.354,273,364,.750,174,710,341,215,71,250,350
Manhattan,20,10,10,.500,-8.48,-7.53,,5,6,,5,4,,5,6,,1511,1512,,820,530,1219,.435,171,510,.335,280,372,.753,243,748,293,130,49,243,286


Marist,19,16,3,.842,-6.09,-10.99,,9,1,,9,1,,7,2,,1304,1211,,775,499,1083,.461,137,407,.337,169,246,.687,178,672,272,123,65,226,280
Marquette,23,18,5,.783,20.00,9.44,,9,3,,11,2,,6,3,,1796,1553,,925,644,1440,.447,216,659,.328,292,401,.728,252,766,320,234,93,205,369
Marshall,24,14,10,.583,-2.46,-4.10,,7,4,,11,3,,3,7,,1811,1712,,960,632,1433,.441,186,588,.316,361,521,.693,297,878,339,174,115,285,470
Maryland,22,17,5,.773,22.62,5.12,,7,4,,13,1,,2,4,,1827,1442,,886,664,1372,.484,184,495,.372,315,421,.748,242,816,339,173,99,227,352
Maryland-Baltimore County,23,11,12,.478,-9.12,-7.37,,3,5,,6,7,,5,5,,1880,1781,,940,678,1391,.487,205,529,.388,319,455,.701,187,774,351,178,70,270,359
Maryland-Eastern Shore,22,4,18,.182,-21.67,-0.95,,0,6,,4,3,,0,15,,1490,1746,,880,533,1247,.427,141,452,.312,283,433,.654,208,725,248,111,41,296,372
Massachusetts,23,10,13,.435,-0.67,0.28,,5,5,,7,5,,3,4,,1740,1727,,940,623,1485,.420,131,465,.282,363,551,.659,328,928,303,183,127,283,438
Massachusetts-Lowell,23,15,8,.652,-5.97,-6.12,,4,4,,12,2,,3,6,,1872,1696,,925,656,1326,.495,159,450,.353,401,514,.780,199,850,355,130,98,284,305
McNeese State,23,17,6,.739,8.58,-0.23,,11,1,,9,1,,6,2,,1769,1496,,920,635,1320,.481,163,494,.330,336,472,.712,270,821,315,216,69,259,386
Memphis,22,18,4,.818,14.64,8.73,,8,1,,8,2,,7,1,,1733,1603,,890,593,1247,.476,177,441,.401,370,517,.716,233,773,302,165,90,320,395
Mercer,23,11,12,.478,-5.94,-4.61,,4,6,,6,3,,4,8,,1833,1732,,935,671,1500,.447,206,621,.332,285,431,.661,268,893,325,212,64,276,404
Mercyhurst,25,12,13,.480,-15.66,-7.98,,6,4,,8,2,,4,11,,1654,1718,,1015,577,1372,.421,163,488,.334,337,426,.791,195,682,326,191,58,272,420
Merrimack,22,12,10,.545,-4.23,-3.91,,9,2,,5,2,,7,7,,1415,1422,,880,513,1215,.422,178,523,.340,211,288,.733,147,615,257,187,76,206,349
Miami (FL),22,5,17,.227,0.20,4.93,,1,10,,5,8,,0,5,,1647,1751,,890,600,1296,.463,162,511,.317,285,369,.772,211,701,281,137,72,234,322
Miami (OH),22,17,5,.773,-1.31,-5.16,,9,1,,10,1,,5,4,,1804,1602,,880,654,1323,.494,228,577,.395,268,366,.732,206,735,343,187,80,264,385
Michigan,21,16,5,.762,21.90,9.86,,8,2,,10,0,,4,2,,1729,1476,,850,605,1215,.498,200,541,.370,319,442,.722,228,802,376,129,91,311,362
Michigan State,22,18,4,.818,20.58,8.17,,9,2,,11,0,,4,2,,1750,1477,,885,610,1304,.468,122,425,.287,408,507,.805,269,896,398,122,113,269,362
Middle Tennessee,22,15,7,.682,3.52,1.47,,6,3,,9,2,,4,4,,1680,1545,,885,617,1344,.459,162,502,.323,284,429,.662,257,838,272,162,97,251,383
Milwaukee,23,15,8,.652,1.50,-2.84,,8,4,,9,2,,5,6,,1819,1637,,920,659,1403,.470,140,445,.315,361,531,.680,341,936,313,175,77,311,403
Minnesota,23,12,11,.522,8.30,8.13,,4,8,,10,5,,2,4,,1583,1579,,940,579,1286,.450,152,466,.326,273,423,.645,232,779,363,138,116,247,394


Mississippi,23,17,6,.739,19.60,9.38,,6,4,,11,2,,3,3,,1808,1573,,930,626,1390,.450,206,584,.353,350,481,.728,213,778,362,219,103,205,400
Mississippi State,22,16,6,.727,17.95,9.22,,4,5,,8,3,,4,2,,1758,1566,,890,635,1392,.456,187,584,.320,301,434,.694,292,842,344,209,101,229,363
Mississippi Valley State,22,3,19,.136,-32.46,-0.01,,1,8,,2,4,,1,15,,1191,1803,,880,437,1121,.390,90,323,.279,227,334,.680,181,621,182,142,41,366,365
Missouri,21,17,4,.810,19.87,5.06,,6,2,,15,0,,2,3,,1751,1440,,840,572,1178,.486,189,499,.379,418,582,.718,226,737,293,210,64,232,352
Missouri State,23,8,15,.348,-3.73,0.41,,1,11,,6,5,,1,8,,1606,1652,,950,564,1258,.448,174,470,.370,304,463,.657,249,756,281,172,51,313,427
Monmouth,23,7,16,.304,-8.87,-2.04,,5,5,,5,1,,2,12,,1624,1781,,930,545,1352,.403,162,469,.345,372,497,.748,261,798,256,138,101,268,436
Montana,23,15,8,.652,-3.14,0.11,,8,2,,12,1,,3,7,,1748,1703,,920,637,1310,.486,170,496,.343,304,420,.724,182,741,321,147,82,255,362
Montana State,23,10,13,.435,-2.26,-1.48,,5,5,,8,2,,2,11,,1652,1611,,925,584,1299,.450,198,576,.344,286,391,.731,173,731,302,157,77,241,376
Morehead State,23,14,9,.609,-10.68,-6.23,,9,3,,9,1,,5,7,,1573,1567,,925,557,1294,.430,136,432,.315,323,486,.665,264,869,280,128,71,271,356
Morgan State,23,10,13,.435,-14.88,-6.72,,4,3,,10,3,,0,10,,1881,1877,,930,709,1439,.493,111,314,.354,352,500,.704,274,856,313,168,105,317,441
Mount St. Mary's,22,13,9,.591,-8.87,-6.01,,6,5,,6,3,,7,6,,1559,1583,,895,542,1247,.435,169,507,.333,306,416,.736,236,817,334,148,65,336,360
Murray State,24,11,13,.458,-0.32,0.60,,5,8,,5,5,,4,6,,1741,1686,,985,587,1310,.448,181,520,.348,386,551,.701,228,786,293,165,70,284,412
Navy,23,8,15,.348,-9.14,-7.78,,5,5,,5,5,,3,8,,1639,1618,,920,578,1366,.423,179,529,.338,304,415,.733,266,849,317,131,62,253,386
NC State,21,9,12,.429,8.12,5.73,,2,8,,9,5,,0,5,,1466,1416,,845,530,1208,.439,127,398,.319,279,393,.710,223,683,263,142,88,202,340
Nebraska,22,14,8,.636,13.53,9.03,,4,7,,9,2,,3,5,,1664,1565,,890,581,1274,.456,157,489,.321,345,465,.742,208,800,305,169,64,262,349
Nevada,23,13,10,.565,10.04,5.13,,5,7,,9,4,,2,5,,1667,1554,,929,580,1224,.474,169,460,.367,338,486,.695,218,769,349,148,76,257,400
Nevada-Las Vegas,23,11,12,.478,6.18,6.23,,5,7,,9,4,,2,6,,1623,1624,,920,572,1286,.445,152,444,.342,327,456,.717,213,748,284,158,80,239,378
New Hampshire,23,4,19,.174,-20.83,-6.21,,2,6,,3,6,,1,11,,1516,1779,,920,546,1335,.409,179,541,.331,245,368,.666,240,812,262,116,55,320,384
New Mexico,22,18,4,.818,14.91,5.44,,10,1,,11,1,,5,2,,1834,1583,,890,659,1427,.462,160,462,.346,356,517,.689,279,896,359,196,117,262,404
New Mexico State,22,12,10,.545,-1.04,0.91,,5,4,,7,3,,5,5,,1571,1502,,885,566,1325,.427,169,505,.335,270,397,.680,262,826,276,144,49,264,411


New Orleans,23,4,19,.174,-14.18,0.87,,2,10,,0,7,,3,11,,1569,1915,,930,557,1363,.409,138,444,.311,317,482,.658,256,792,293,176,58,302,364
Niagara,21,8,13,.381,-12.60,-8.20,,3,7,,5,4,,1,9,,1425,1478,,850,507,1127,.450,175,501,.349,236,323,.731,159,646,270,136,46,256,329
Nicholls State,23,14,9,.609,-2.29,-0.74,,8,4,,8,3,,6,6,,1703,1597,,920,610,1420,.430,174,510,.341,309,441,.701,272,856,261,193,95,249,401
NJIT,23,5,18,.217,-16.45,-6.32,,2,6,,4,6,,0,12,,1457,1624,,920,522,1325,.394,148,498,.297,265,362,.732,245,824,236,110,94,277,421
Norfolk State,24,16,8,.667,-1.88,-4.50,,6,1,,9,1,,5,7,,1851,1634,,965,657,1347,.488,142,421,.337,395,516,.766,234,824,325,168,65,299,431
North Alabama,23,15,8,.652,0.89,-4.21,,7,3,,10,1,,4,7,,1821,1647,,930,663,1458,.455,188,554,.339,307,426,.721,286,867,289,178,72,215,347
North Carolina,23,13,10,.565,16.13,11.65,,6,5,,8,2,,3,5,,1867,1764,,930,663,1413,.469,167,517,.323,374,499,.749,223,862,329,143,90,257,412
North Carolina A&T,23,4,19,.174,-13.47,-3.97,,0,10,,3,8,,1,11,,1684,1841,,920,598,1455,.411,167,532,.314,321,469,.684,248,828,265,142,76,224,368
North Carolina Central,23,10,13,.435,-10.75,-5.65,,3,3,,7,3,,2,9,,1850,1707,,930,660,1420,.465,170,491,.346,360,516,.698,317,786,371,217,51,294,471
North Dakota,24,9,15,.375,-7.44,-0.58,,3,6,,6,5,,2,8,,1869,1910,,960,659,1539,.428,202,634,.319,349,495,.705,338,918,281,141,56,262,385
North Dakota State,24,16,8,.667,3.02,-2.70,,5,4,,8,4,,6,4,,1940,1747,,966,645,1358,.475,290,729,.398,360,470,.766,226,857,363,75,45,248,357
North Florida,23,12,11,.522,-6.64,-1.74,,5,5,,6,4,,6,7,,1945,1967,,930,698,1542,.453,294,820,.359,255,386,.661,267,840,371,137,68,257,433
North Texas,22,16,6,.727,9.25,1.65,,7,3,,11,1,,4,4,,1501,1300,,880,513,1132,.453,148,408,.363,327,426,.768,230,727,221,180,53,243,322
Northeastern,23,12,11,.522,-4.02,-3.98,,4,6,,5,3,,5,7,,1614,1615,,920,606,1331,.455,152,451,.337,250,372,.672,251,807,306,177,107,305,378
Northern Arizona,23,13,10,.565,-6.93,-5.72,,4,6,,8,2,,5,7,,1792,1645,,921,661,1450,.456,190,557,.341,280,425,.659,288,922,364,136,44,232,371
Northern Colorado,23,17,6,.739,1.17,-2.28,,9,1,,10,1,,6,5,,1882,1694,,935,690,1348,.512,191,533,.358,311,430,.723,187,791,384,145,62,252,418
Northern Illinois,22,5,17,.227,-17.25,-3.20,,1,9,,5,5,,0,12,,1577,1690,,880,548,1319,.415,204,607,.336,277,400,.693,169,722,285,142,81,244,433
Northern Iowa,23,14,9,.609,5.56,-0.26,,8,4,,11,2,,3,4,,1726,1556,,920,620,1245,.498,167,445,.375,319,449,.710,183,744,326,146,68,240,341
Northern Kentucky,23,10,13,.435,-6.00,-1.81,,5,7,,8,5,,2,8,,1587,1630,,940,563,1345,.419,173,550,.315,288,433,.665,270,793,322,190,76,296,365
Northwestern,23,13,10,.565,14.13,10.00,,4,8,,11,3,,0,6,,1702,1607,,940,610,1384,.441,157,470,.334,325,446,.729,264,793,340,174,84,223,410


Northwestern State,22,10,12,.455,-5.71,-0.26,,7,5,,7,3,,3,9,,1482,1540,,890,530,1252,.423,138,423,.326,284,403,.705,265,796,284,150,106,285,336
Notre Dame,22,10,12,.455,8.37,5.10,,4,7,,8,2,,2,7,,1610,1538,,885,581,1261,.461,182,481,.378,266,364,.731,225,778,270,121,35,236,340
Oakland,24,10,14,.417,-2.41,1.55,,7,6,,6,3,,3,9,,1598,1666,,970,583,1392,.419,176,606,.290,256,370,.692,309,835,275,161,76,277,367
Ohio,22,12,10,.545,-0.94,-4.13,,6,4,,9,1,,2,7,,1772,1654,,885,623,1318,.473,193,535,.361,333,437,.762,188,753,323,165,79,255,383
Ohio State,22,13,9,.591,20.36,11.81,,5,6,,8,4,,3,4,,1759,1571,,900,619,1301,.476,181,478,.379,340,459,.741,208,778,296,141,83,245,442
Oklahoma,22,16,6,.727,15.62,7.62,,3,6,,10,2,,1,4,,1754,1578,,880,593,1228,.483,197,524,.376,371,464,.800,189,712,320,185,60,272,395
Oklahoma State,22,11,11,.500,6.04,8.36,,3,8,,8,2,,2,6,,1591,1642,,880,530,1235,.429,145,438,.331,386,537,.719,254,770,274,187,59,297,430
Old Dominion,23,10,13,.435,-9.93,-3.02,,6,5,,6,7,,4,3,,1556,1647,,930,558,1389,.402,136,481,.283,304,441,.689,321,897,254,115,73,273,390
Omaha,24,14,10,.583,-3.97,-3.07,,8,1,,7,2,,6,7,,1814,1788,,960,626,1378,.454,194,540,.359,368,515,.715,240,851,297,143,56,281,450
Oral Roberts,22,6,16,.273,-11.43,0.35,,2,7,,6,5,,0,11,,1648,1732,,880,556,1239,.449,210,565,.372,326,438,.744,194,682,241,114,45,269,378
Oregon,22,16,6,.727,16.48,11.02,,5,6,,8,4,,4,2,,1681,1561,,885,585,1272,.460,163,493,.331,348,461,.755,220,782,325,156,75,255,369
Oregon State,23,16,7,.696,11.68,2.18,,6,4,,13,1,,1,5,,1783,1538,,935,624,1267,.493,174,464,.375,361,460,.785,211,778,349,170,80,261,361
Pacific,25,7,18,.280,-7.77,2.02,,2,9,,4,7,,1,11,,1741,1886,,1010,626,1454,.431,166,555,.299,323,451,.716,272,884,337,143,70,320,465
Penn State,23,13,10,.565,14.32,5.41,,3,9,,10,4,,1,5,,1872,1667,,920,657,1366,.481,165,480,.344,393,526,.747,234,791,379,199,91,273,384
Pennsylvania,19,6,13,.316,-10.81,-2.23,,2,4,,4,6,,2,6,,1285,1448,,760,448,1092,.410,167,505,.331,222,330,.673,189,635,258,91,34,215,298
Pepperdine,23,9,14,.391,-2.78,1.22,,3,7,,6,6,,2,7,,1661,1687,,920,599,1348,.444,150,456,.329,313,437,.716,226,823,361,143,67,267,365
Pittsburgh,22,14,8,.636,16.08,8.53,,5,6,,10,3,,3,4,,1728,1562,,890,597,1279,.467,185,521,.355,349,440,.793,203,738,299,161,99,216,357
Portland,24,8,16,.333,-9.36,2.45,,3,8,,6,6,,2,7,,1724,1940,,980,587,1368,.429,197,585,.337,353,456,.774,208,825,362,119,78,333,376
Portland State,22,13,9,.591,-4.61,-4.46,,5,4,,8,1,,4,7,,1726,1563,,880,653,1344,.486,146,428,.341,274,429,.639,272,817,348,186,113,286,379
Prairie View,22,4,18,.182,-16.41,-3.56,,3,6,,2,3,,2,15,,1638,1887,,880,581,1308,.444,141,433,.326,335,473,.708,199,627,266,192,64,270,457


Presbyterian,24,9,15,.375,-8.27,-3.75,,2,7,,6,4,,1,11,,1799,1716,,970,648,1390,.466,186,502,.371,317,455,.697,259,827,327,157,82,264,431
Princeton,21,15,6,.714,0.37,-1.94,,4,2,,7,3,,5,1,,1603,1502,,840,572,1286,.445,225,600,.375,234,338,.692,217,731,323,170,42,219,334
Providence,22,11,11,.500,8.85,6.53,,5,6,,9,2,,2,5,,1575,1524,,885,546,1241,.440,199,569,.350,284,404,.703,257,848,269,108,84,281,394
Purdue,23,18,5,.783,22.64,12.90,,10,2,,11,1,,5,2,,1799,1575,,920,633,1277,.496,184,481,.383,349,481,.726,213,748,382,165,44,248,340
Purdue Fort Wayne,24,16,8,.667,0.45,-3.65,,9,4,,9,1,,6,6,,1989,1796,,975,707,1479,.478,261,676,.386,314,415,.757,187,724,353,211,72,217,358
Queens (NC),23,14,9,.609,-4.26,-3.21,,7,3,,8,3,,5,6,,1757,1690,,920,617,1399,.441,214,647,.331,309,465,.665,280,888,375,160,123,305,393
Quinnipiac,22,13,9,.591,-4.70,-5.75,,9,2,,8,1,,5,8,,1587,1541,,885,562,1370,.410,152,536,.284,311,419,.742,274,865,278,191,104,275,373
Radford,24,15,9,.625,-3.69,-3.01,,5,4,,8,1,,5,8,,1785,1695,,965,602,1347,.447,183,499,.367,398,527,.755,295,886,282,148,81,279,411
Rhode Island,21,15,6,.714,3.75,-1.10,,4,5,,11,2,,1,4,,1657,1528,,855,558,1218,.458,157,457,.344,384,548,.701,225,825,300,125,74,277,353
Rice,22,11,11,.500,-1.34,-2.62,,2,7,,6,5,,3,4,,1554,1528,,890,510,1219,.418,163,497,.328,371,540,.687,279,858,263,108,73,284,404
Richmond,22,7,15,.318,-6.06,1.54,,2,7,,4,6,,1,8,,1480,1589,,895,487,1197,.407,172,576,.299,334,426,.784,144,699,258,142,47,230,398
Rider,22,8,14,.364,-12.40,-5.76,,4,7,,2,6,,6,8,,1433,1579,,880,523,1253,.417,113,382,.296,274,385,.712,255,759,265,122,62,261,306
Robert Morris,24,16,8,.667,-1.85,-5.45,,8,5,,11,2,,5,6,,1818,1707,,980,619,1426,.434,173,509,.340,407,560,.727,311,915,353,161,107,325,419
Rutgers,22,11,11,.500,10.66,9.34,,4,7,,8,4,,2,4,,1671,1642,,885,590,1329,.444,163,491,.332,328,473,.693,248,798,291,151,81,235,374
Sacramento State,22,6,16,.273,-13.85,-3.17,,2,7,,5,7,,1,9,,1455,1505,,880,502,1193,.421,183,567,.323,268,396,.677,218,761,282,132,71,290,417
Sacred Heart,21,9,12,.429,-9.87,-7.82,,5,5,,5,3,,3,8,,1589,1590,,840,568,1276,.445,204,550,.371,249,345,.722,236,766,330,154,56,262,334
Saint Francis (PA),23,8,15,.348,-13.62,-4.07,,3,6,,6,4,,2,11,,1618,1661,,930,605,1329,.455,191,565,.338,217,295,.736,196,782,335,140,57,301,350
Saint Joseph's,22,13,9,.591,7.77,1.27,,4,5,,8,4,,2,4,,1655,1512,,885,574,1298,.442,196,589,.333,311,414,.751,227,824,335,143,124,259,317
Saint Louis,23,14,9,.609,3.66,1.75,,7,3,,11,2,,3,5,,1703,1591,,920,602,1263,.477,213,625,.341,286,423,.676,180,821,348,151,76,300,351
Saint Mary's (CA),23,20,3,.870,17.87,4.23,,10,0,,12,1,,6,0,,1739,1399,,930,636,1392,.457,161,472,.341,306,443,.691,340,933,383,151,92,231,349


Saint Peter's,18,7,11,.389,-9.98,-6.98,,2,8,,2,5,,5,6,,1169,1155,,720,403,1003,.402,138,398,.347,225,314,.717,244,660,201,128,57,257,357
Sam Houston,22,8,14,.364,-3.45,2.08,,1,8,,5,3,,2,10,,1680,1686,,890,585,1326,.441,194,504,.385,316,443,.713,260,796,299,149,58,276,399
Samford,23,18,5,.783,3.36,-4.02,,8,2,,11,1,,7,4,,1926,1673,,930,691,1450,.477,249,662,.376,295,408,.723,284,829,399,220,93,306,433
San Diego,24,4,20,.167,-7.65,2.27,,1,10,,4,11,,0,8,,1637,1860,,960,587,1457,.403,147,526,.279,316,424,.745,275,843,263,177,90,332,511
San Diego State,20,15,5,.750,14.26,7.79,,8,3,,8,3,,4,1,,1432,1258,,810,516,1184,.436,156,460,.339,242,353,.686,220,741,257,153,111,220,367
San Francisco,24,18,6,.750,10.57,1.87,,8,3,,14,0,,2,4,,1825,1609,,965,632,1370,.461,218,630,.346,343,492,.697,249,848,344,171,92,295,443
San Jose State,24,12,12,.500,1.84,2.52,,5,7,,6,5,,2,6,,1803,1744,,975,638,1397,.457,197,545,.361,330,437,.755,233,835,324,130,74,255,374
Santa Clara,24,15,9,.625,12.22,5.81,,7,4,,9,3,,3,4,,1913,1759,,975,681,1468,.464,241,679,.355,310,425,.729,278,902,391,159,73,293,398
Seattle,21,8,13,.381,-0.07,1.09,,3,4,,6,4,,2,8,,1530,1457,,840,509,1192,.427,153,453,.338,359,490,.733,230,740,257,156,60,249,372
Seton Hall,22,6,16,.273,0.11,5.84,,1,10,,4,7,,0,7,,1398,1524,,890,490,1213,.404,126,381,.331,292,438,.667,263,722,247,176,70,280,401
Siena,22,10,12,.455,-6.90,-5.67,,5,6,,6,3,,3,7,,1560,1587,,900,527,1239,.425,173,514,.337,333,455,.732,212,702,262,152,112,279,369
South Alabama,23,15,8,.652,1.27,-4.16,,7,4,,10,4,,5,4,,1646,1433,,935,577,1322,.436,213,653,.326,279,408,.684,228,820,349,223,63,219,305
South Carolina,22,10,12,.455,9.59,8.32,,0,9,,8,6,,1,5,,1550,1522,,890,521,1200,.434,156,473,.330,352,506,.696,237,784,298,129,69,288,357
South Carolina State,22,10,12,.455,-6.18,-6.28,,4,3,,4,2,,5,10,,1680,1550,,885,585,1280,.457,141,424,.333,369,550,.671,264,765,302,207,68,303,476
South Carolina Upstate,24,5,19,.208,-15.46,-1.65,,1,8,,4,6,,1,12,,1788,1982,,960,658,1437,.458,156,524,.298,316,462,.684,224,834,314,161,50,344,474
South Dakota,23,13,10,.565,-6.40,-3.40,,4,4,,11,1,,2,9,,1981,1926,,920,675,1453,.465,178,547,.325,453,647,.700,284,827,284,167,82,233,419
South Dakota State,24,15,9,.625,4.64,-0.65,,6,3,,10,0,,2,7,,1906,1716,,960,694,1458,.476,216,618,.350,302,401,.753,275,963,345,125,67,293,388
South Florida,22,11,11,.500,-2.46,-1.89,,4,5,,8,2,,1,7,,1663,1618,,880,588,1298,.453,170,509,.334,317,431,.735,224,749,320,181,69,247,370
Southeast Missouri State,23,13,10,.565,-6.62,-6.32,,8,4,,9,3,,4,6,,1715,1580,,930,629,1391,.452,166,510,.325,291,404,.720,204,764,318,187,80,246,427
Southeastern Louisiana,23,14,9,.609,-3.96,-4.58,,8,4,,6,2,,7,6,,1669,1584,,920,595,1323,.450,145,429,.338,334,444,.752,239,826,283,165,50,293,415


Southern,22,14,8,.636,-5.69,-4.58,,9,0,,8,0,,6,8,,1681,1525,,886,606,1369,.443,151,476,.317,318,475,.669,284,815,303,227,89,277,416
Southern California,22,13,9,.591,13.01,9.01,,5,6,,10,5,,3,2,,1685,1597,,880,596,1240,.481,148,419,.353,345,469,.736,184,702,344,133,60,252,391
Southern Illinois,23,10,13,.435,-1.95,1.52,,5,7,,5,5,,4,5,,1683,1707,,930,613,1335,.459,141,434,.325,316,461,.685,247,809,329,157,69,299,395
SIU Edwardsville,24,16,8,.667,-6.73,-8.40,,9,4,,10,1,,5,7,,1737,1567,,970,629,1472,.427,186,549,.339,293,442,.663,295,934,332,167,90,265,402
Southern Indiana,22,9,13,.409,-12.09,-7.79,,4,8,,7,4,,2,9,,1606,1599,,890,575,1320,.436,158,445,.355,298,414,.720,237,804,255,155,64,254,381
Southern Methodist,22,17,5,.773,16.00,4.45,,8,3,,10,3,,4,2,,1823,1569,,880,643,1338,.481,180,467,.385,357,485,.736,285,882,360,172,89,258,365
Southern Mississippi,23,10,13,.435,-7.67,-1.96,,5,6,,9,2,,1,9,,1669,1740,,930,598,1378,.434,157,500,.314,316,457,.691,261,890,333,159,111,338,386
Southern Utah,22,9,13,.409,-8.17,-0.43,,1,7,,7,4,,1,9,,1585,1616,,880,559,1268,.441,137,429,.319,330,448,.737,227,804,278,119,98,312,374
St. Bonaventure,24,17,7,.708,5.05,-0.39,,5,6,,10,2,,5,4,,1695,1548,,965,614,1343,.457,155,472,.328,312,430,.726,236,828,266,174,84,253,311
St. John's (NY),23,20,3,.870,20.60,6.82,,11,1,,15,0,,4,1,,1815,1498,,935,680,1505,.452,135,456,.296,320,466,.687,333,955,356,216,133,265,376
St. Thomas,24,18,6,.750,2.83,-3.75,,8,1,,11,0,,6,5,,2030,1780,,965,707,1419,.498,258,651,.396,358,459,.780,180,771,385,172,76,236,427
Stanford,22,15,7,.682,9.63,4.18,,7,4,,12,1,,3,4,,1670,1550,,880,579,1311,.442,185,548,.338,327,421,.777,250,777,318,155,76,230,376
Stephen F. Austin,23,10,13,.435,-7.73,-3.38,,3,9,,6,6,,4,7,,1505,1513,,935,552,1302,.424,130,473,.275,271,443,.612,314,876,283,202,94,383,406
Stetson,23,7,16,.304,-15.54,-3.20,,5,5,,4,5,,3,8,,1683,1897,,930,583,1310,.445,178,511,.348,339,466,.727,204,777,278,126,71,316,338
Stonehill,24,12,12,.500,-11.14,-8.10,,4,5,,8,3,,3,8,,1667,1671,,960,578,1320,.438,216,598,.361,295,413,.714,200,786,356,163,65,291,407
Stony Brook,23,5,18,.217,-13.92,-3.01,,1,9,,3,7,,2,10,,1533,1725,,920,532,1297,.410,163,507,.321,306,407,.752,248,761,254,128,47,277,361
Syracuse,22,10,12,.455,4.47,7.28,,4,7,,8,4,,2,5,,1633,1695,,890,595,1311,.454,140,439,.319,303,436,.695,234,831,291,102,57,275,352
Tarleton State,23,10,13,.435,-9.54,0.61,,5,3,,8,1,,1,10,,1499,1614,,920,516,1160,.445,99,294,.337,368,496,.742,218,695,249,233,76,423,440
TCU,21,11,10,.524,11.70,10.56,,4,6,,10,2,,1,5,,1441,1417,,845,523,1239,.422,140,447,.313,255,403,.633,242,720,270,158,66,229,327
Temple,22,14,8,.636,2.35,0.26,,6,3,,10,0,,2,5,,1765,1692,,895,590,1294,.456,156,424,.368,429,586,.732,248,821,241,148,84,254,389


Tennessee,22,18,4,.818,25.62,9.71,,5,4,,12,1,,3,3,,1639,1289,,880,572,1288,.444,188,567,.332,307,407,.754,284,849,344,170,115,235,320
Tennessee State,23,10,13,.435,-9.20,-7.00,,6,6,,8,3,,2,8,,1832,1738,,950,659,1426,.462,153,487,.314,361,540,.669,314,956,319,168,82,368,453
Tennessee Tech,23,12,11,.522,-9.27,-6.50,,7,5,,6,2,,5,8,,1689,1712,,925,595,1369,.435,223,630,.354,276,390,.708,210,814,355,140,65,263,316
Tennessee-Martin,23,9,14,.391,-11.06,-6.31,,5,7,,6,2,,3,11,,1761,1684,,945,596,1426,.418,226,696,.325,343,481,.713,318,921,319,192,67,305,398
Texas,22,15,7,.682,18.77,6.04,,4,5,,10,3,,3,3,,1736,1456,,880,613,1272,.482,170,457,.372,338,448,.754,212,780,302,146,97,209,364
Texas A&M,22,17,5,.773,20.63,11.45,,6,3,,10,1,,3,3,,1658,1456,,880,562,1323,.425,157,499,.315,377,550,.685,360,915,266,173,92,266,375
Texas A&M-Corpus Christi,24,15,9,.625,-0.30,-2.15,,8,4,,11,2,,4,7,,1905,1655,,960,719,1435,.501,142,406,.350,325,520,.625,277,891,380,201,91,295,438
Texas Southern,22,10,12,.455,-11.02,-4.39,,7,2,,7,2,,3,10,,1614,1663,,890,576,1360,.424,155,457,.339,307,417,.736,240,819,302,192,78,288,384
Texas State,23,12,11,.522,-2.26,-2.50,,5,6,,7,3,,3,7,,1763,1670,,930,617,1323,.466,133,353,.377,396,511,.775,261,840,327,161,96,281,412
Texas Tech,22,18,4,.818,23.46,7.55,,9,2,,12,2,,5,0,,1783,1433,,890,637,1319,.483,209,548,.381,300,394,.761,262,819,366,152,63,236,346
Texas-Rio Grande Valley,23,13,10,.565,-4.89,-2.52,,5,7,,9,3,,2,7,,1785,1674,,920,647,1461,.443,237,754,.314,254,366,.694,290,886,391,171,60,305,394
The Citadel,21,5,16,.238,-18.16,-3.58,,0,10,,5,8,,0,8,,1425,1566,,850,501,1179,.425,172,556,.309,251,415,.605,223,736,275,126,47,278,340
Toledo,22,14,8,.636,-3.81,-2.15,,8,2,,6,2,,6,5,,1741,1714,,880,624,1348,.463,135,393,.344,358,484,.740,237,782,307,117,64,213,343
Towson,23,14,9,.609,-2.35,-1.99,,9,1,,8,1,,6,4,,1559,1512,,935,565,1376,.411,163,509,.320,266,399,.667,297,843,231,155,74,220,375
Troy,22,15,7,.682,4.05,-1.55,,8,3,,10,3,,5,4,,1626,1435,,880,559,1252,.446,173,573,.302,335,469,.714,306,842,329,211,98,316,357
Tulane,22,12,10,.545,1.99,-1.71,,6,3,,10,3,,2,4,,1646,1495,,885,564,1275,.442,177,522,.339,341,448,.761,214,794,340,170,103,248,384
Tulsa,22,9,13,.409,-6.57,-4.12,,3,6,,7,6,,1,5,,1611,1613,,900,563,1320,.427,190,585,.325,293,444,.660,246,837,308,140,67,258,343
UAB,23,15,8,.652,4.16,-2.39,,8,2,,11,3,,3,3,,1926,1737,,925,710,1512,.470,151,455,.332,355,470,.755,333,929,379,160,92,245,361
UC Davis,22,12,10,.545,-4.95,-0.90,,6,5,,7,2,,5,8,,1512,1520,,880,506,1231,.411,133,422,.315,367,490,.749,240,757,234,174,83,303,406
UC Irvine,23,20,3,.870,9.15,-1.03,,10,1,,8,0,,9,3,,1752,1498,,935,597,1330,.449,157,442,.355,401,497,.807,218,914,366,162,80,301,354


UC Riverside,23,15,8,.652,0.03,1.84,,8,3,,10,1,,5,7,,1675,1662,,935,602,1435,.420,204,615,.332,267,368,.726,298,878,306,118,58,267,411
UC San Diego,22,18,4,.818,11.02,-1.33,,8,2,,8,2,,7,2,,1755,1374,,880,597,1298,.460,221,637,.347,340,450,.756,212,754,331,235,43,205,374
UC Santa Barbara,22,14,8,.636,1.59,-4.21,,6,5,,9,4,,5,4,,1636,1454,,880,576,1217,.473,215,557,.386,269,357,.754,200,785,323,122,61,279,361
UCF,21,13,8,.619,11.87,11.01,,4,6,,10,3,,2,3,,1672,1654,,855,552,1318,.419,190,545,.349,378,486,.778,259,776,308,163,92,255,358
UCLA,23,17,6,.739,19.51,8.38,,8,4,,12,1,,3,3,,1735,1479,,920,623,1330,.468,164,478,.343,325,460,.707,243,745,361,195,65,252,417
UNC Asheville,22,16,6,.727,-3.64,-3.86,,7,1,,10,0,,5,6,,1849,1647,,890,668,1398,.478,179,504,.355,334,480,.696,269,804,333,167,91,231,431
UNC Greensboro,23,14,9,.609,-0.03,-2.43,,7,3,,8,2,,5,5,,1689,1492,,920,591,1333,.443,225,588,.383,282,387,.729,265,856,306,136,62,240,370
UNC Wilmington,23,18,5,.783,2.19,-4.15,,8,2,,13,2,,5,3,,1846,1609,,925,630,1350,.467,178,517,.344,408,552,.739,292,907,350,149,74,254,390
UT Arlington,22,11,11,.500,-4.12,-3.52,,4,4,,7,2,,3,7,,1667,1618,,890,571,1287,.444,198,541,.366,327,464,.705,263,809,313,143,68,289,410
Utah,21,12,9,.571,11.37,5.75,,4,6,,11,3,,1,4,,1601,1483,,845,566,1233,.459,180,539,.334,289,458,.631,251,830,389,134,89,266,387
Utah State,23,20,3,.870,14.49,4.04,,10,2,,11,2,,6,1,,1864,1570,,920,655,1341,.488,201,565,.356,353,502,.703,257,807,420,208,72,255,390
Utah Tech,22,6,16,.273,-9.92,-0.37,,2,5,,5,3,,0,12,,1533,1659,,880,543,1292,.420,161,502,.321,286,424,.675,240,738,293,153,57,265,402
Utah Valley,22,15,7,.682,0.44,-1.46,,7,1,,8,0,,6,6,,1661,1528,,885,599,1293,.463,126,396,.318,337,484,.696,250,840,344,151,132,275,352
UTEP,22,15,7,.682,1.00,0.27,,5,4,,10,2,,3,4,,1610,1510,,880,556,1224,.454,170,447,.380,328,454,.722,182,651,303,243,71,273,409
UTSA,21,10,11,.476,-3.02,1.56,,4,5,,6,3,,3,8,,1635,1637,,845,557,1305,.427,207,576,.359,314,378,.831,224,679,274,203,73,236,371
Valparaiso,23,10,13,.435,-3.25,-0.30,,3,9,,8,5,,2,7,,1768,1715,,935,603,1390,.434,179,537,.333,383,490,.782,249,816,269,134,78,239,396
Vanderbilt,22,16,6,.727,14.80,5.48,,4,5,,11,1,,2,4,,1780,1575,,880,634,1371,.462,183,556,.329,329,445,.739,252,762,322,212,92,224,371
Vermont,23,12,11,.522,-10.34,-5.96,,5,3,,8,2,,3,8,,1508,1493,,920,525,1247,.421,175,544,.322,283,391,.724,202,768,275,144,94,268,331
Villanova,22,12,10,.545,13.23,5.64,,5,6,,10,3,,1,5,,1672,1505,,880,590,1258,.469,217,552,.393,275,344,.799,226,767,292,128,56,220,363
Virginia,23,11,12,.478,5.74,6.87,,4,8,,8,5,,2,5,,1466,1492,,920,522,1173,.445,189,502,.376,233,315,.740,160,699,346,121,85,241,344


Virginia Commonwealth,23,18,5,.783,14.48,-0.11,,8,2,,12,0,,3,3,,1808,1442,,925,629,1397,.450,222,666,.333,328,454,.722,302,878,355,195,127,261,408
VMI,23,11,12,.478,-10.33,-5.01,,5,5,,6,3,,4,8,,1752,1657,,925,591,1358,.435,221,641,.345,349,464,.752,247,822,320,190,56,269,352
Virginia Tech,22,10,12,.455,3.29,5.92,,5,6,,7,5,,3,3,,1540,1598,,880,539,1220,.442,176,475,.371,286,401,.713,236,746,288,109,37,290,381
Wagner,22,12,10,.545,-15.05,-8.99,,4,5,,7,4,,5,6,,1424,1335,,890,503,1210,.416,162,456,.355,256,361,.709,245,764,297,167,35,261,378
Wake Forest,22,16,6,.727,9.48,5.98,,8,3,,11,1,,3,4,,1534,1457,,880,543,1224,.444,133,463,.287,315,419,.752,196,740,251,163,98,257,364
Washington,21,11,10,.524,8.32,9.02,,2,8,,8,5,,1,5,,1505,1504,,840,529,1208,.438,138,423,.326,309,457,.676,217,712,271,150,83,252,384
Washington State,24,15,9,.625,6.60,3.51,,5,6,,8,2,,3,5,,1890,1816,,965,674,1370,.492,207,577,.359,335,474,.707,244,839,402,158,114,366,458
Weber State,24,9,15,.375,-9.32,-1.51,,3,7,,4,7,,3,8,,1772,1735,,965,620,1359,.456,193,542,.356,339,490,.692,228,846,288,154,59,272,441
West Georgia,23,4,19,.174,-14.40,-3.13,,2,8,,3,4,,1,13,,1595,1797,,921,602,1384,.435,126,412,.306,265,386,.687,225,750,306,174,67,267,372
West Virginia,21,14,7,.667,16.75,10.65,,5,5,,9,3,,3,3,,1464,1336,,855,516,1207,.428,186,560,.332,246,330,.745,190,707,282,171,97,229,346
Western Carolina,21,6,15,.286,-17.78,-1.05,,2,8,,5,6,,1,9,,1433,1651,,850,493,1273,.387,188,638,.295,259,347,.746,219,803,243,126,61,319,355
Western Illinois,23,8,15,.348,-16.31,-7.71,,2,10,,5,7,,3,7,,1537,1602,,925,564,1315,.429,173,486,.356,236,342,.690,256,804,225,126,82,263,320
Western Kentucky,22,14,8,.636,2.79,1.64,,5,4,,11,2,,3,6,,1715,1644,,885,602,1382,.436,188,552,.341,323,440,.734,199,832,277,194,61,259,399
Western Michigan,22,7,15,.318,-10.66,-3.71,,4,6,,4,6,,3,9,,1563,1669,,880,576,1360,.424,113,419,.270,296,438,.676,290,834,270,145,50,241,398
Wichita State,22,12,10,.545,2.03,1.70,,2,7,,8,4,,2,5,,1639,1617,,885,600,1314,.457,114,376,.303,325,453,.717,234,825,277,161,91,247,319
William & Mary,23,14,9,.609,-4.28,-4.05,,8,2,,10,0,,3,8,,1856,1759,,920,629,1358,.463,248,705,.352,350,472,.742,218,816,400,157,42,289,417
Winthrop,24,15,9,.625,-2.88,-3.26,,5,4,,14,1,,1,8,,2035,1876,,975,684,1466,.467,179,570,.314,488,738,.661,312,935,288,206,82,309,484
Wisconsin,23,18,5,.783,20.92,9.87,,8,4,,12,1,,3,4,,1869,1615,,920,619,1336,.463,233,637,.366,398,473,.841,210,826,343,119,50,233,396
Wofford,23,12,11,.522,-1.35,-1.26,,6,4,,7,2,,4,8,,1708,1611,,925,625,1379,.453,221,650,.340,237,373,.635,298,885,366,135,56,256,388
Wright State,24,12,12,.500,-2.58,-2.71,,6,7,,8,3,,3,7,,1846,1778,,970,685,1415,.484,202,528,.383,274,383,.715,226,853,360,147,70,284,415


Wyoming,23,11,12,.478,1.19,4.09,,4,8,,7,4,,3,6,,1581,1622,,925,562,1271,.442,182,516,.353,275,406,.677,242,807,271,100,64,301,437
Xavier,23,14,9,.609,14.28,7.58,,6,6,,11,2,,2,6,,1767,1613,,930,594,1306,.455,187,488,.383,392,501,.782,199,784,380,172,67,266,371
Yale,19,13,6,.684,7.88,-3.34,,6,0,,7,0,,4,5,,1567,1311,,760,567,1161,.488,150,377,.398,283,379,.747,229,765,327,112,72,214,326
Youngstown State,24,14,10,.583,-5.13,-5.17,,8,5,,7,4,,6,5,,1827,1709,,970,633,1465,.432,202,666,.303,359,500,.718,274,894,333,166,131,293,441
